 10.1740   0.03328
 11.8410   0.03510
 11.9690   0.03525
 12.2900   0.03564
 12.9780   0.03642
 13.0810   0.03653
 13.3660   0.03682
 13.5100   0.03696
 13.6250   0.03707
 13.6470   0.03709
 13.6690   0.03711
 13.8480   0.03726
 13.9470   0.03735
 14.1870   0.03754
 14.3170   0.03765
 14.4490   0.03776
 14.5390   0.03783
 14.9300   0.03822
 14.9320   0.03822
 15.0750   0.03840
 15.1980   0.03859
 15.2780   0.03873
 15.3350   0.03885
 15.4830   0.03918
 15.5090   0.03925
 15.6390   0.03958
 15.6500   0.03961
 15.6790   0.03968
 15.8390   0.04002
 15.9010   0.04011
 15.9280   0.04016
 16.0240   0.04032
 16.1710   0.04051
 16.1840   0.04052
 16.3130   0.04065
 16.4340   0.04074
 16.5710   0.04077
 16.5930   0.04078
 16.6150   0.04080
 16.7350   0.04082
 16.8060   0.04081
 16.9610   0.04087
 16.9810   0.04089
 16.9890   0.04090
 17.0360   0.04094
 17.0720   0.04101
 17.0810   0.04102
 17.1350   0.04114
 17.1410   0.04116
 17.2550   0.04138
 17.3010   0.04146
 17.3170   0.04149
 17.3470   0.04156
 17.3820   0.04166
 17.4230   0.04178
 17.4280   0.04179
 17.4320   0.04180
 17.6800   0.04254
 17.6890   0.04256
 17.7000   0.04259
 17.7070   0.04260
 17.7180   0.04263
 17.7410   0.04268
 17.8210   0.04288
 17.8430   0.04295
 17.9690   0.04332
 18.0080   0.04343
 18.0140   0.04344
 18.0320   0.04349
 18.1300   0.04377
 18.1390   0.04380
 18.1660   0.04388
 18.1750   0.04391
 18.1830   0.04393
 18.2160   0.04407
 18.2870   0.04444
 18.3290   0.04469
 18.3300   0.04470
 18.4380   0.04550
 18.4560   0.04565
 18.4640   0.04571
 18.4760   0.04581
 18.5060   0.04607
 18.5530   0.04650
 18.5690   0.04665
 18.6710   0.04754
 18.6770   0.04759
 18.6980   0.04777
 18.7100   0.04787
 18.7860   0.04845
 18.7890   0.04848
 18.8190   0.04873
 18.8380   0.04887
 18.8430   0.04892
 18.8610   0.04905
 18.8660   0.04911
 18.8730   0.04915
 18.8740   0.04916
 18.8860   0.04925
 18.9040   0.04943
 18.9150   0.04950
 18.9170   0.04951
 18.9190   0.04953
 18.9380   0.04973
 18.9450   0.04978
 18.9940   0.05012
 19.0040   0.05020
 19.0140   0.05028
 19.0270   0.05038
 19.0550   0.05061
 19.0570   0.05063
 19.0690   0.05080
 19.0850   0.05104
 19.0900   0.05110
 19.1840   0.05215
 19.2010   0.05239
 19.2400   0.05286
 19.2990   0.05351
 19.3850   0.05456
 19.4030   0.05478
 19.4070   0.05482
 19.4190   0.05496
 19.4730   0.05563
 19.4930   0.05588
 19.5080   0.05607
 19.5100   0.05609
 19.5430   0.05648
 19.5710   0.05683
 19.5820   0.05697
 19.6070   0.05730
 19.6120   0.05736
 19.6420   0.05776
 19.6490   0.05786
 19.6780   0.05825
 19.8020   0.05994
 19.8360   0.06040
 19.8620   0.06074
 19.8750   0.06091
 19.8790   0.06096
 19.9060   0.06127
 19.9150   0.06138
 19.9190   0.06142
 19.9200   0.06144
 19.9260   0.06155
 19.9420   0.06176
 19.9830   0.06229
 20.0170   0.06283
 20.0360   0.06316
 20.0420   0.06330
 20.0450   0.06337
 20.0490   0.06347
 20.0550   0.06361
 20.0630   0.06374
 20.0960   0.06452
 20.1600   0.06608
 20.1660   0.06624
 20.1860   0.06674
 20.1950   0.06695
 20.1960   0.06698
 20.2360   0.06792
 20.2470   0.06819
 20.2790   0.06893
 20.2890   0.06915
 20.2920   0.06922
 20.3200   0.06984
 20.3250   0.06995
 20.3280   0.07002
 20.3540   0.07059
 20.3550   0.07062
 20.3670   0.07088
 20.3830   0.07121
 20.4120   0.07175
 20.4210   0.07193
 20.4230   0.07197
 20.4380   0.07227
 20.4930   0.07321
 20.5030   0.07339
 20.5040   0.07341
 20.5200   0.07363
 20.5230   0.07366
 20.5760   0.07436
 20.6110   0.07478
 20.6190   0.07484
 20.6270   0.07493
 20.7260   0.07590
 20.7950   0.07669
 20.8200   0.07694
 20.8380   0.07710
 20.8520   0.07727
 20.9490   0.07848
 20.9600   0.07858
 21.0270   0.07981
 21.0320   0.07995
 21.0390   0.08014
 21.0410   0.08020
 21.0590   0.08051
 21.0720   0.08065
 21.1080   0.08092
 21.1280   0.08125
 21.1470   0.08154
 21.1600   0.08153
 21.1670   0.08160
 21.1800   0.08196
 21.1860   0.08211
 21.1930   0.08230
 21.1950   0.08235
 21.2140   0.08237
 21.2160   0.08238
 21.2180   0.08242
 21.2190   0.08245
 21.2660   0.08242
 21.2730   0.08254
 21.2880   0.08272
 21.3380   0.08268
 21.3510   0.08250
 21.3540   0.08249
 21.3930   0.08216
 21.4010   0.08210
 21.4050   0.08207
 21.4430   0.08166
 21.4530   0.08154
 21.4740   0.08130
 21.5190   0.08079
 21.5210   0.08076
 21.5420   0.08056
 21.5440   0.08056
 21.5630   0.08047
 21.5670   0.08048
 21.5690   0.08048
 21.5740   0.08049
 21.6110   0.08055
 21.6120   0.08056
 21.6130   0.08057
 21.6260   0.08065
 21.6410   0.08067
 21.6650   0.08054
 21.6720   0.08050
 21.6890   0.08052
 21.6950   0.08053
 21.7040   0.08061
 21.7100   0.08058
 21.7200   0.08055
 21.7320   0.08052
 21.7390   0.08051
 21.7540   0.08055
 21.7560   0.08059
 21.7650   0.08078
 21.7660   0.08081
 21.7760   0.08081
 21.7820   0.08082
 21.8120   0.08112
 21.8150   0.08113
 21.8590   0.08186
 21.9020   0.08227
 21.9060   0.08232
 21.9110   0.08246
 21.9280   0.08298
 21.9420   0.08331
 21.9560   0.08353
 21.9870   0.08451
 22.0130   0.08524
 22.0180   0.08536
 22.0410   0.08588
 22.0560   0.08664
 22.0580   0.08675
 22.0780   0.08738
 22.0860   0.08785
 22.1050   0.08861
 22.1530   0.09113
 22.1760   0.09227
 22.1800   0.09239
 22.2320   0.09486
 22.2420   0.09516
 22.2650   0.09630
 22.2720   0.09671
 22.2840   0.09707
 22.3360   0.09997
 22.3560   0.10109
 22.3590   0.10123
 22.3610   0.10129
 22.3690   0.10156
 22.4130   0.10363
 22.4280   0.10454
 22.4540   0.10584
 22.4640   0.10633
 22.4840   0.10759
 22.4940   0.10824
 22.5080   0.10900
 22.5120   0.10926
 22.5340   0.11073
 22.5390   0.11101
 22.5690   0.11313
 22.5710   0.11328
 22.5950   0.11518
 22.5970   0.11532
 22.6050   0.11598
 22.6810   0.12234
 22.7150   0.12538
 22.7450   0.12807
 22.7490   0.12847
 22.7610   0.12967
 22.7650   0.13006
 22.7760   0.13104
 22.8060   0.13422
 22.8260   0.13629
 22.8380   0.13755
 22.8470   0.13857
 22.8660   0.14062
 22.8750   0.14171
 22.9060   0.14562
 22.9130   0.14652
 22.9390   0.14969
 22.9480   0.15089
 22.9510   0.15130
 22.9530   0.15152
 22.9550   0.15173
 22.9560   0.15183
 22.9910   0.15647
 22.9960   0.15709
 23.0140   0.15958
 23.0230   0.16086
 23.0270   0.16143
 23.0300   0.16183
 23.0360   0.16250
 23.0630   0.16613
 23.0660   0.16657
 23.0770   0.16820
 23.0990   0.17148
 23.1110   0.17290
 23.1260   0.17493
 23.1340   0.17617
 23.1560   0.17962
 23.1600   0.18025
 23.1880   0.18398
 23.1900   0.18430
 23.2570   0.19469
 23.3060   0.20231
 23.3100   0.20297
 23.3160   0.20396
 23.3250   0.20544
 23.4050   0.21816
 23.4100   0.21900
 23.4290   0.22216
 23.4700   0.22885
 23.4830   0.23092
 23.5200   0.23703
 23.5470   0.24149
 23.6250   0.25441
 23.6520   0.25878
 23.6710   0.26188
 23.7530   0.27525
 23.7640   0.27705
 23.7960   0.28228
 23.8100   0.28457
 23.8530   0.29165
 23.8610   0.29297
 23.8680   0.29413
 23.9360   0.30552
 23.9420   0.30654
 23.9440   0.30688
 23.9720   0.31167
 23.9930   0.31524
 24.0870   0.33157
 24.1100   0.33557
 24.1470   0.34200
 24.1900   0.34953
 24.2070   0.35251
 24.2120   0.35338
 24.2760   0.36457
 24.2890   0.36684
 24.3800   0.38265
 24.4680   0.39786
 24.4890   0.40148
 24.5610   0.41387
 24.5640   0.41439
 24.6190   0.42383
 24.6450   0.42829
 24.6970   0.43719
 24.7730   0.45018
 24.8410   0.46179
 24.8600   0.46503
 24.8990   0.47168
 24.9650   0.48292
 24.9660   0.48309
 24.9700   0.48377
 25.0430   0.49620
 25.1630   0.51663
 25.3320   0.54541
 25.3480   0.54812
 25.4300   0.56174
 25.6310   0.59255
 25.7070   0.60351
 25.8090   0.61803
 25.9010   0.63111
 25.9440   0.63725
 26.0710   0.65552
 27.9380   0.93674
 28.2390   0.98222
