 14.1430   0.02730
 14.2810   0.02855
 14.4670   0.03023
 14.8950   0.03407
 14.9570   0.03462
 14.9670   0.03471
 15.0360   0.03532
 15.0520   0.03546
 15.1960   0.03671
 15.2710   0.03736
 15.3300   0.03787
 15.3370   0.03793
 15.3870   0.03836
 15.4500   0.03890
 15.4530   0.03893
 15.4970   0.03930
 15.5300   0.03958
 15.6040   0.04021
 15.6530   0.04061
 15.6960   0.04097
 15.7880   0.04172
 15.8490   0.04220
 15.8580   0.04227
 15.8640   0.04232
 16.0230   0.04352
 16.0430   0.04367
 16.0800   0.04394
 16.1470   0.04447
 16.1550   0.04453
 16.1840   0.04478
 16.2170   0.04506
 16.3900   0.04656
 16.4830   0.04730
 16.4860   0.04733
 16.5360   0.04772
 16.5540   0.04790
 16.6080   0.04835
 16.6110   0.04837
 16.6230   0.04847
 16.6600   0.04880
 16.6800   0.04900
 16.7170   0.04941
 16.7660   0.04992
 16.7780   0.05004
 16.8120   0.05041
 16.8470   0.05076
 16.8610   0.05089
 16.8630   0.05091
 16.9260   0.05154
 16.9420   0.05167
 16.9610   0.05183
 16.9710   0.05191
 16.9800   0.05198
 17.0030   0.05216
 17.0120   0.05228
 17.0170   0.05236
 17.0260   0.05248
 17.0470   0.05265
 17.0630   0.05279
 17.0770   0.05298
 17.0790   0.05299
 17.0960   0.05315
 17.1000   0.05318
 17.1220   0.05348
 17.1520   0.05384
 17.1640   0.05396
 17.1670   0.05400
 17.1710   0.05404
 17.1720   0.05405
 17.1920   0.05428
 17.2260   0.05474
 17.2450   0.05508
 17.2580   0.05528
 17.2620   0.05535
 17.2810   0.05564
 17.2970   0.05592
 17.3020   0.05603
 17.3630   0.05729
 17.3780   0.05763
 17.3870   0.05781
 17.4040   0.05815
 17.4160   0.05842
 17.4190   0.05847
 17.4230   0.05855
 17.4260   0.05861
 17.4900   0.06001
 17.6130   0.06316
 17.6710   0.06472
 17.6740   0.06481
 17.6860   0.06513
 17.6910   0.06527
 17.7120   0.06586
 17.7250   0.06622
 17.7320   0.06642
 17.7360   0.06654
 17.7520   0.06700
 17.7860   0.06799
 17.8210   0.06901
 17.8270   0.06919
 17.8290   0.06924
 17.8320   0.06933
 17.8400   0.06957
 17.9130   0.07175
 17.9250   0.07210
 17.9660   0.07328
 17.9920   0.07404
 17.9940   0.07410
 18.0170   0.07476
 18.0200   0.07485
 18.0870   0.07663
 18.0890   0.07667
 18.1060   0.07709
 18.1370   0.07785
 18.1480   0.07813
 18.1490   0.07815
 18.2160   0.07966
 18.2200   0.07975
 18.2240   0.07983
 18.2490   0.08037
 18.2670   0.08077
 18.2720   0.08087
 18.2850   0.08116
 18.3010   0.08151
 18.3130   0.08178
 18.3150   0.08183
 18.3160   0.08185
 18.3490   0.08261
 18.3650   0.08300
 18.3740   0.08319
 18.3980   0.08372
 18.3990   0.08374
 18.4050   0.08389
 18.4290   0.08444
 18.4390   0.08468
 18.4860   0.08573
 18.5330   0.08688
 18.5770   0.08808
 18.6090   0.08895
 18.6710   0.09033
 18.6730   0.09036
 18.6800   0.09050
 18.7050   0.09091
 18.7130   0.09105
 18.7190   0.09119
 18.7270   0.09136
 18.7390   0.09157
 18.7490   0.09179
 18.7550   0.09185
 18.7570   0.09186
 18.7580   0.09187
 18.7630   0.09196
 18.8190   0.09270
 18.8590   0.09340
 18.8610   0.09344
 18.8870   0.09393
 18.9020   0.09409
 18.9080   0.09412
 18.9110   0.09413
 18.9360   0.09437
 19.0170   0.09530
 19.0520   0.09563
 19.0740   0.09587
 19.1140   0.09611
 19.1190   0.09613
 19.1230   0.09615
 19.1330   0.09618
 19.1450   0.09622
 19.1620   0.09626
 19.2070   0.09628
 19.2120   0.09629
 19.2340   0.09632
 19.2540   0.09637
 19.2560   0.09638
 19.2580   0.09639
 19.2690   0.09639
 19.2860   0.09639
 19.3090   0.09648
 19.3120   0.09649
 19.3170   0.09650
 19.3230   0.09650
 19.3370   0.09655
 19.3580   0.09662
 19.4350   0.09697
 19.4510   0.09705
 19.4780   0.09720
 19.4790   0.09721
 19.4830   0.09723
 19.4950   0.09731
 19.5100   0.09742
 19.5410   0.09768
 19.5600   0.09778
 19.5660   0.09782
 19.5740   0.09785
 19.5790   0.09787
 19.5890   0.09789
 19.5960   0.09790
 19.6260   0.09797
 19.6270   0.09798
 19.6410   0.09799
 19.6660   0.09800
 19.6770   0.09803
 19.6950   0.09805
 19.7110   0.09805
 19.7370   0.09805
 19.7500   0.09805
 19.7590   0.09804
 19.7650   0.09804
 19.7770   0.09803
 19.7860   0.09802
 19.7940   0.09801
 19.8370   0.09796
 19.8630   0.09796
 19.8800   0.09796
 19.8870   0.09796
 19.8920   0.09797
 19.9240   0.09802
 19.9380   0.09803
 19.9630   0.09808
 19.9650   0.09809
 19.9880   0.09821
 19.9940   0.09820
 20.0490   0.09850
 20.0620   0.09860
 20.0710   0.09866
 20.0760   0.09869
 20.0780   0.09870
 20.0800   0.09872
 20.1440   0.10013
 20.2020   0.10190
 20.2050   0.10193
 20.2350   0.10244
 20.2530   0.10260
 20.2550   0.10268
 20.2710   0.10313
 20.2810   0.10322
 20.3230   0.10471
 20.3660   0.10599
 20.3740   0.10644
 20.3980   0.10746
 20.4040   0.10778
 20.4130   0.10827
 20.4150   0.10833
 20.4240   0.10864
 20.4290   0.10889
 20.4330   0.10907
 20.4390   0.10924
 20.4830   0.11109
 20.4900   0.11135
 20.5050   0.11200
 20.5200   0.11269
 20.5230   0.11282
 20.5320   0.11316
 20.5390   0.11342
 20.5610   0.11434
 20.5690   0.11467
 20.5940   0.11570
 20.6340   0.11729
 20.6500   0.11789
 20.6640   0.11846
 20.6680   0.11859
 20.6710   0.11869
 20.6720   0.11873
 20.6800   0.11905
 20.6910   0.11950
 20.6970   0.11972
 20.7110   0.12020
 20.7140   0.12028
 20.7160   0.12034
 20.7220   0.12058
 20.7540   0.12185
 20.7560   0.12194
 20.7930   0.12298
 20.8040   0.12346
 20.8070   0.12361
 20.8140   0.12394
 20.8220   0.12435
 20.8360   0.12508
 20.8470   0.12557
 20.9410   0.12929
 20.9710   0.13016
 21.0090   0.13061
 21.0160   0.13093
 21.0230   0.13123
 21.0590   0.13187
 21.0720   0.13198
 21.0770   0.13202
 21.0910   0.13212
 21.1140   0.13225
 21.1250   0.13232
 21.1300   0.13247
 21.1420   0.13275
 21.1540   0.13280
 21.1670   0.13320
 21.1930   0.13376
 21.2000   0.13393
 21.2020   0.13394
 21.2130   0.13387
 21.2480   0.13397
 21.2530   0.13392
 21.2670   0.13384
 21.2980   0.13366
 21.3010   0.13365
 21.3120   0.13361
 21.3220   0.13358
 21.3680   0.13365
 21.3690   0.13366
 21.3950   0.13378
 21.4100   0.13386
 21.4150   0.13387
 21.4160   0.13387
 21.4370   0.13400
 21.4740   0.13423
 21.4920   0.13441
 21.5060   0.13457
 21.5080   0.13459
 21.5130   0.13465
 21.5210   0.13475
 21.5410   0.13501
 21.5570   0.13522
 21.6040   0.13568
 21.6180   0.13584
 21.6240   0.13593
 21.6250   0.13594
 21.6280   0.13599
 21.6290   0.13600
 21.6320   0.13604
 21.6500   0.13629
 21.6540   0.13634
 21.6630   0.13646
 21.6790   0.13666
 21.7040   0.13695
 21.7260   0.13719
 21.8100   0.13792
 21.8290   0.13806
 21.9960   0.13974
 21.9970   0.13976
 22.0050   0.13994
 22.0270   0.14049
 22.0360   0.14074
 22.0770   0.14201
 22.0970   0.14281
 22.1140   0.14359
 22.1400   0.14494
 22.1900   0.14803
 22.4060   0.16424
 22.4580   0.16813
 22.4950   0.17084
 22.5040   0.17149
 22.7330   0.18715
 23.3040   0.22353
 23.5930   0.24310
