  7.5580   0.02408
  9.1620   0.02881
  9.1890   0.02889
  9.7480   0.03051
 10.2520   0.03198
 10.5000   0.03271
 10.7420   0.03345
 11.0460   0.03439
 11.1320   0.03466
 11.1470   0.03471
 11.3640   0.03541
 11.4180   0.03559
 11.4210   0.03560
 11.5180   0.03592
 11.7760   0.03679
 12.0390   0.03770
 12.3450   0.03875
 12.3970   0.03893
 12.6530   0.03979
 12.7420   0.04007
 12.7510   0.04010
 13.0450   0.04094
 13.1470   0.04120
 13.2730   0.04148
 13.2940   0.04155
 13.4250   0.04187
 13.5650   0.04213
 13.6220   0.04234
 13.6890   0.04247
 14.0220   0.04332
 14.0600   0.04345
 14.0990   0.04359
 14.1670   0.04397
 14.1680   0.04397
 14.1760   0.04401
 14.2460   0.04439
 14.3390   0.04508
 14.4570   0.04613
 14.4880   0.04643
 14.6430   0.04796
 14.7000   0.04847
 14.7670   0.04908
 14.7940   0.04932
 14.9340   0.05046
 14.9510   0.05059
 15.1090   0.05196
 15.1430   0.05221
 15.2790   0.05346
 15.3080   0.05369
 15.3250   0.05388
 15.4160   0.05471
 15.4180   0.05472
 15.4280   0.05481
 15.5780   0.05631
 15.5990   0.05653
 15.7110   0.05790
 15.7600   0.05850
 15.7850   0.05881
 15.8460   0.05969
 15.8990   0.06049
 15.9000   0.06050
 15.9220   0.06084
 15.9460   0.06122
 15.9600   0.06146
 15.9680   0.06160
 15.9910   0.06201
 16.0200   0.06255
 16.0590   0.06334
 16.0610   0.06338
 16.0950   0.06406
 16.1350   0.06485
 16.2630   0.06756
 16.3680   0.06987
 16.4350   0.07127
 16.4370   0.07131
 16.5290   0.07305
 16.5360   0.07318
 16.5860   0.07401
 16.6610   0.07516
 16.6620   0.07518
 16.7000   0.07576
 16.7010   0.07578
 16.7060   0.07584
 16.7110   0.07591
 16.7230   0.07606
 16.7490   0.07638
 16.7520   0.07642
 16.7660   0.07658
 16.8180   0.07735
 16.8850   0.07812
 16.9390   0.07904
 16.9600   0.07932
 16.9690   0.07944
 16.9710   0.07946
 16.9980   0.07993
 17.0130   0.08027
 17.0320   0.08058
 17.0390   0.08069
 17.0570   0.08097
 17.0990   0.08172
 17.1080   0.08193
 17.1190   0.08215
 17.1220   0.08222
 17.1260   0.08230
 17.1310   0.08240
 17.1370   0.08252
 17.1510   0.08281
 17.1700   0.08323
 17.1790   0.08344
 17.1880   0.08366
 17.2050   0.08405
 17.2270   0.08459
 17.2680   0.08559
 17.3100   0.08665
 17.3200   0.08690
 17.3340   0.08725
 17.3450   0.08753
 17.3490   0.08763
 17.3950   0.08878
 17.4080   0.08910
 17.4360   0.08980
 17.4770   0.09082
 17.5020   0.09145
 17.5070   0.09158
 17.5340   0.09227
 17.5590   0.09291
 17.5840   0.09356
 17.5930   0.09380
 17.6200   0.09450
 17.6460   0.09521
 17.6490   0.09529
 17.7010   0.09668
 17.7180   0.09713
 17.7190   0.09716
 17.7620   0.09833
 17.7960   0.09926
 17.8850   0.10178
 17.9180   0.10275
 17.9410   0.10341
 17.9540   0.10377
 17.9730   0.10430
 18.0210   0.10552
 18.0240   0.10561
 18.0290   0.10575
 18.0750   0.10686
 18.0890   0.10724
 18.1010   0.10759
 18.1070   0.10773
 18.1570   0.10915
 18.1740   0.10965
 18.1920   0.11013
 18.1960   0.11022
 18.2280   0.11099
 18.2500   0.11140
 18.2770   0.11196
 18.2890   0.11218
 18.3010   0.11248
 18.3020   0.11251
 18.3230   0.11296
 18.3670   0.11363
 18.4220   0.11449
 18.4300   0.11463
 18.4500   0.11493
 18.4810   0.11540
 18.5210   0.11581
 18.5480   0.11605
 18.5570   0.11618
 18.5900   0.11654
 18.6100   0.11676
 18.6160   0.11681
 18.6350   0.11703
 18.6430   0.11715
 18.6560   0.11728
 18.6580   0.11730
 18.6870   0.11771
 18.7110   0.11803
 18.7260   0.11826
 18.7430   0.11851
 18.7480   0.11858
 18.7700   0.11889
 18.7720   0.11892
 18.8150   0.11950
 18.8560   0.12011
 18.8730   0.12034
 18.8740   0.12035
 18.8990   0.12071
 18.9590   0.12159
 18.9660   0.12168
 19.0540   0.12294
 19.0550   0.12296
 19.0680   0.12316
 19.0690   0.12318
 19.0720   0.12323
 19.0920   0.12355
 19.0950   0.12360
 19.1320   0.12421
 19.1660   0.12475
 19.1880   0.12507
 19.1950   0.12518
 19.2060   0.12533
 19.2250   0.12560
 19.3110   0.12668
 19.3130   0.12671
 19.3390   0.12695
 19.3710   0.12726
 19.3880   0.12748
 19.4020   0.12768
 19.4080   0.12773
 19.4120   0.12778
 19.4180   0.12782
 19.4450   0.12806
 19.4490   0.12808
 19.4510   0.12809
 19.4700   0.12830
 19.4890   0.12850
 19.4930   0.12852
 19.5290   0.12886
 19.5370   0.12898
 19.5490   0.12907
 19.5580   0.12916
 19.5590   0.12917
 19.5670   0.12925
 19.5710   0.12931
 19.5900   0.12975
 19.5910   0.12977
 19.5930   0.12979
 19.6130   0.13011
 19.6220   0.13033
 19.6340   0.13064
 19.6440   0.13084
 19.6450   0.13085
 19.6460   0.13087
 19.6550   0.13102
 19.6950   0.13197
 19.6960   0.13199
 19.7440   0.13313
 19.8060   0.13491
 19.8500   0.13631
 19.8790   0.13724
 19.9060   0.13811
 19.9240   0.13868
 19.9250   0.13872
 19.9320   0.13894
 19.9390   0.13917
 19.9430   0.13930
 19.9740   0.14027
 20.0290   0.14194
 20.0370   0.14217
 20.0630   0.14283
 20.0870   0.14338
 20.1030   0.14359
 20.1220   0.14382
 20.1450   0.14437
 20.1610   0.14467
 20.1710   0.14480
 20.1770   0.14494
 20.1810   0.14493
 20.1910   0.14490
 20.2200   0.14523
 20.2220   0.14521
 20.2240   0.14522
 20.2560   0.14582
 20.2840   0.14579
 20.2930   0.14566
 20.3540   0.14545
 20.3570   0.14540
 20.3860   0.14526
 20.4010   0.14504
 20.4020   0.14503
 20.4350   0.14455
 20.4380   0.14451
 20.4470   0.14455
 20.5300   0.14388
 20.5360   0.14383
 20.5430   0.14378
 20.5500   0.14375
 20.5530   0.14374
 20.5700   0.14376
 20.5900   0.14374
 20.5970   0.14374
 20.5980   0.14374
 20.6170   0.14376
 20.6610   0.14398
 20.6700   0.14406
 20.7190   0.14456
 20.7350   0.14474
 20.7610   0.14500
 20.7670   0.14507
 20.7710   0.14509
 20.7740   0.14511
 20.7760   0.14512
 20.7910   0.14528
 20.7940   0.14532
 20.8010   0.14542
 20.8050   0.14548
 20.8090   0.14554
 20.8100   0.14555
 20.8160   0.14565
 20.8240   0.14577
 20.8530   0.14626
 20.9150   0.14728
 20.9200   0.14734
 20.9580   0.14787
 20.9650   0.14802
 20.9740   0.14821
 20.9770   0.14827
 21.0000   0.14849
 21.0080   0.14863
 21.0350   0.14887
 21.0730   0.14968
 21.1330   0.15087
 21.1430   0.15097
 21.1480   0.15102
 21.1660   0.15121
 21.1940   0.15169
 21.1960   0.15171
 21.2110   0.15197
 21.2210   0.15214
 21.2220   0.15216
 21.2910   0.15326
 21.3160   0.15359
 21.3420   0.15395
 21.3610   0.15422
 21.3760   0.15443
 21.4240   0.15500
 21.4320   0.15508
 21.4570   0.15530
 21.4710   0.15539
 21.4740   0.15542
 21.4850   0.15553
 21.5660   0.15544
 21.6040   0.15532
 21.6190   0.15529
 21.6270   0.15536
 21.6460   0.15542
 21.6520   0.15539
 21.6580   0.15537
 21.6870   0.15545
 21.7520   0.15574
 21.8450   0.15694
 21.9100   0.15810
 21.9220   0.15835
 21.9370   0.15868
 21.9410   0.15876
 21.9530   0.15903
 22.0930   0.16228
 22.1580   0.16385
 22.1620   0.16395
 22.1810   0.16442
 22.1830   0.16447
 22.1890   0.16461
 22.2170   0.16532
 22.2580   0.16638
 22.2700   0.16665
 22.4380   0.17149
 22.4420   0.17162
 22.4760   0.17252
 22.4850   0.17272
 22.5030   0.17323
 22.5300   0.17420
 22.5430   0.17468
 22.5980   0.17679
 22.6230   0.17777
 22.6320   0.17813
 22.6560   0.17909
 22.6610   0.17929
 22.6900   0.18046
 22.7320   0.18212
 22.7760   0.18389
 22.8000   0.18484
 22.9500   0.19026
 22.9700   0.19091
 23.0040   0.19200
 23.0500   0.19341
 23.0530   0.19350
 23.1010   0.19493
 23.1160   0.19536
 23.1320   0.19582
 23.2980   0.20043
 23.3650   0.20198
 23.3690   0.20207
 23.7220   0.20644
 23.7380   0.20657
 23.7400   0.20658
 23.8700   0.20766
 24.1190   0.21009
 24.2490   0.21161
 24.3770   0.21326
 24.4600   0.21438
 24.9100   0.22083
 25.6450   0.23078
 25.8320   0.23298
 25.9450   0.23422
 28.6680   0.25156
