  8.3370   0.01941
  9.8860   0.02163
  9.9310   0.02169
 10.2640   0.02215
 10.8170   0.02288
 11.2250   0.02339
 11.4770   0.02369
 11.5800   0.02381
 11.6260   0.02386
 11.8540   0.02413
 11.8770   0.02416
 11.9320   0.02423
 12.0860   0.02442
 12.1440   0.02449
 12.5700   0.02514
 12.7000   0.02539
 12.8940   0.02582
 12.9320   0.02591
 13.1570   0.02646
 13.3160   0.02685
 13.4010   0.02706
 13.6390   0.02761
 13.7040   0.02775
 13.8350   0.02802
 13.9110   0.02818
 13.9780   0.02832
 14.1050   0.02858
 14.1290   0.02863
 14.4500   0.02922
 14.5220   0.02937
 14.5310   0.02938
 14.5660   0.02942
 14.6600   0.02956
 14.7200   0.02966
 14.7610   0.02974
 14.7710   0.02975
 14.8680   0.02988
 14.9030   0.03001
 14.9450   0.03013
 15.0130   0.03031
 15.1410   0.03066
 15.1490   0.03068
 15.2080   0.03084
 15.3150   0.03119
 15.3160   0.03119
 15.5300   0.03206
 15.5320   0.03207
 15.5840   0.03226
 15.5860   0.03227
 15.6490   0.03250
 15.7050   0.03269
 15.7610   0.03288
 15.7620   0.03288
 15.8330   0.03313
 15.9380   0.03357
 15.9540   0.03364
 16.1270   0.03459
 16.1810   0.03495
 16.2250   0.03522
 16.2320   0.03526
 16.2710   0.03552
 16.2940   0.03569
 16.3020   0.03575
 16.3730   0.03636
 16.4320   0.03690
 16.4350   0.03693
 16.4580   0.03717
 16.4750   0.03736
 16.4920   0.03756
 16.5820   0.03854
 16.7020   0.03994
 16.7040   0.03996
 16.7340   0.04030
 16.7720   0.04074
 16.7860   0.04090
 16.8180   0.04122
 16.8210   0.04125
 16.8290   0.04134
 16.8950   0.04200
 16.9250   0.04227
 16.9660   0.04264
 16.9820   0.04277
 16.9870   0.04281
 17.0040   0.04294
 17.0150   0.04301
 17.0410   0.04323
 17.0860   0.04353
 17.1260   0.04380
 17.1280   0.04381
 17.1580   0.04397
 17.2070   0.04435
 17.2190   0.04441
 17.2420   0.04457
 17.2600   0.04466
 17.2810   0.04478
 17.2880   0.04482
 17.2980   0.04489
 17.3100   0.04503
 17.3150   0.04509
 17.3170   0.04510
 17.3410   0.04530
 17.3480   0.04534
 17.3550   0.04538
 17.3570   0.04539
 17.3610   0.04541
 17.3640   0.04543
 17.4170   0.04574
 17.4630   0.04608
 17.4710   0.04614
 17.4730   0.04616
 17.4910   0.04638
 17.5330   0.04696
 17.5340   0.04697
 17.5450   0.04707
 17.5660   0.04733
 17.5720   0.04742
 17.6090   0.04787
 17.6380   0.04820
 17.6450   0.04829
 17.6940   0.04895
 17.7210   0.04935
 17.7470   0.04973
 17.7540   0.04983
 17.7570   0.04988
 17.7690   0.05006
 17.8150   0.05079
 17.8570   0.05149
 17.8580   0.05150
 17.8790   0.05188
 17.9150   0.05252
 17.9390   0.05296
 17.9870   0.05392
 17.9940   0.05406
 18.0150   0.05448
 18.0240   0.05466
 18.0260   0.05470
 18.0280   0.05474
 18.0510   0.05521
 18.0700   0.05559
 18.0790   0.05576
 18.0890   0.05597
 18.0990   0.05617
 18.1030   0.05626
 18.1300   0.05683
 18.1360   0.05695
 18.1630   0.05751
 18.1990   0.05820
 18.2310   0.05885
 18.2510   0.05926
 18.2790   0.05976
 18.3190   0.06055
 18.3250   0.06064
 18.3310   0.06073
 18.3710   0.06138
 18.3960   0.06178
 18.4010   0.06185
 18.4060   0.06194
 18.4150   0.06208
 18.4400   0.06246
 18.4490   0.06261
 18.4630   0.06283
 18.4760   0.06302
 18.4870   0.06320
 18.5010   0.06342
 18.5110   0.06359
 18.5170   0.06368
 18.5490   0.06422
 18.5600   0.06438
 18.5660   0.06446
 18.5900   0.06482
 18.5920   0.06485
 18.6260   0.06536
 18.6380   0.06554
 18.6500   0.06569
 18.6920   0.06640
 18.7140   0.06683
 18.7170   0.06687
 18.7240   0.06697
 18.7460   0.06741
 18.8350   0.06905
 18.8800   0.06998
 18.8920   0.07021
 18.9050   0.07048
 18.9110   0.07060
 18.9140   0.07066
 18.9310   0.07103
 18.9330   0.07108
 18.9340   0.07110
 18.9600   0.07166
 18.9830   0.07217
 18.9950   0.07243
 19.0350   0.07334
 19.0530   0.07368
 19.0570   0.07378
 19.0590   0.07383
 19.0610   0.07388
 19.0990   0.07458
 19.1640   0.07579
 19.2650   0.07748
 19.2740   0.07762
 19.2750   0.07764
 19.2870   0.07780
 19.2980   0.07797
 19.3120   0.07818
 19.3590   0.07875
 19.3790   0.07902
 19.3880   0.07915
 19.4190   0.07960
 19.4220   0.07964
 19.4270   0.07971
 19.4580   0.08022
 19.4930   0.08081
 19.5150   0.08118
 19.5390   0.08161
 19.5660   0.08214
 19.6000   0.08284
 19.6020   0.08289
 19.6030   0.08291
 19.6050   0.08295
 19.6160   0.08314
 19.6320   0.08346
 19.6760   0.08432
 19.6780   0.08436
 19.7100   0.08500
 19.7180   0.08517
 19.7320   0.08547
 19.7440   0.08572
 19.7540   0.08593
 19.7620   0.08610
 19.7690   0.08625
 19.7740   0.08636
 19.7980   0.08688
 19.8160   0.08728
 19.8190   0.08735
 19.8220   0.08741
 19.8510   0.08804
 19.9030   0.08908
 19.9140   0.08929
 19.9330   0.08964
 19.9350   0.08968
 19.9450   0.08987
 19.9670   0.09027
 19.9740   0.09040
 19.9870   0.09063
 19.9880   0.09065
 19.9900   0.09068
 20.0280   0.09133
 20.0340   0.09144
 20.0380   0.09151
 20.0620   0.09191
 20.0680   0.09202
 20.1000   0.09253
 20.1090   0.09267
 20.1290   0.09303
 20.1400   0.09320
 20.1430   0.09324
 20.1600   0.09350
 20.1790   0.09379
 20.1850   0.09388
 20.1950   0.09404
 20.2180   0.09440
 20.2190   0.09441
 20.2300   0.09458
 20.2430   0.09478
 20.2490   0.09487
 20.2630   0.09509
 20.2900   0.09553
 20.3030   0.09576
 20.3160   0.09595
 20.3190   0.09600
 20.3480   0.09645
 20.3820   0.09710
 20.4040   0.09755
 20.4570   0.09867
 20.4760   0.09908
 20.4850   0.09930
 20.5110   0.09992
 20.5440   0.10062
 20.5530   0.10081
 20.5580   0.10092
 20.5660   0.10111
 20.5680   0.10115
 20.6190   0.10236
 20.6260   0.10253
 20.6620   0.10335
 20.6930   0.10398
 20.7120   0.10434
 20.7130   0.10436
 20.7240   0.10455
 20.7270   0.10460
 20.7350   0.10474
 20.7360   0.10475
 20.7430   0.10486
 20.7660   0.10520
 20.7720   0.10527
 20.7900   0.10548
 20.7950   0.10554
 20.8060   0.10567
 20.8140   0.10573
 20.8330   0.10586
 20.8490   0.10589
 20.8590   0.10591
 20.8730   0.10596
 20.8780   0.10596
 20.9050   0.10585
 20.9090   0.10585
 20.9200   0.10588
 20.9640   0.10574
 20.9670   0.10573
 20.9750   0.10567
 20.9990   0.10567
 21.0020   0.10567
 21.0090   0.10562
 21.0100   0.10561
 21.0520   0.10542
 21.1040   0.10518
 21.1220   0.10494
 21.1250   0.10490
 21.1490   0.10475
 21.1640   0.10460
 21.1760   0.10447
 21.2000   0.10434
 21.2290   0.10408
 21.3180   0.10348
 21.3230   0.10342
 21.3290   0.10335
 21.3440   0.10319
 21.3530   0.10310
 21.3680   0.10300
 21.3740   0.10296
 21.3950   0.10278
 21.4160   0.10266
 21.4260   0.10264
 21.4490   0.10252
 21.4840   0.10242
 21.4900   0.10241
 21.5100   0.10236
 21.5240   0.10234
 21.5270   0.10234
 21.5280   0.10234
 21.5560   0.10228
 21.5570   0.10228
 21.5690   0.10225
 21.5810   0.10229
 21.5820   0.10229
 21.5970   0.10237
 21.6220   0.10239
 21.6350   0.10248
 21.6390   0.10249
 21.6540   0.10248
 21.6680   0.10263
 21.6770   0.10274
 21.6830   0.10281
 21.7110   0.10320
 21.7260   0.10342
 21.7990   0.10458
 21.8170   0.10487
 21.8790   0.10585
 21.8850   0.10594
 21.9080   0.10629
 21.9430   0.10669
 21.9570   0.10690
 21.9610   0.10696
 21.9720   0.10710
 21.9730   0.10712
 21.9880   0.10734
 21.9990   0.10750
 22.0270   0.10788
 22.0470   0.10813
 22.0610   0.10830
 22.0620   0.10831
 22.0780   0.10849
 22.1220   0.10893
 22.1280   0.10898
 22.1620   0.10925
 22.1860   0.10939
 22.1870   0.10939
 22.2230   0.10954
 22.2260   0.10955
 22.2300   0.10956
 22.2790   0.10964
 22.2960   0.10964
 22.3070   0.10964
 22.3150   0.10964
 22.4230   0.10955
 22.4920   0.10949
 22.5070   0.10949
 22.6140   0.10950
 22.6250   0.10951
 22.6720   0.10957
 22.7490   0.10971
 22.7610   0.10974
 22.7890   0.10981
 23.3440   0.11572
 23.3880   0.11666
 23.4620   0.11824
 23.6600   0.12218
 25.3250   0.14629
