 15.0420   0.03438
 15.2810   0.03563
 15.4240   0.03636
 15.5840   0.03714
 15.7300   0.03783
 15.7390   0.03788
 15.8920   0.03857
 15.9190   0.03869
 16.0200   0.03912
 16.0760   0.03936
 16.1620   0.03972
 16.1630   0.03972
 16.1880   0.03983
 16.1910   0.03984
 16.2430   0.04006
 16.3170   0.04037
 16.3220   0.04039
 16.3590   0.04054
 16.3940   0.04069
 16.4270   0.04083
 16.5090   0.04118
 16.6090   0.04163
 16.6190   0.04167
 16.6750   0.04193
 16.6810   0.04196
 16.6950   0.04202
 16.8520   0.04277
 16.8650   0.04283
 16.9070   0.04300
 16.9130   0.04302
 16.9530   0.04320
 16.9760   0.04329
 17.0490   0.04354
 17.1210   0.04377
 17.1690   0.04392
 17.1720   0.04393
 17.2820   0.04415
 17.2840   0.04416
 17.3500   0.04426
 17.3610   0.04426
 17.4110   0.04434
 17.4520   0.04438
 17.4860   0.04448
 17.5330   0.04487
 17.5380   0.04489
 17.5590   0.04497
 17.5910   0.04523
 17.5980   0.04530
 17.6060   0.04536
 17.6670   0.04575
 17.7170   0.04620
 17.7340   0.04634
 17.7640   0.04662
 17.7660   0.04664
 17.7710   0.04668
 17.7760   0.04673
 17.7820   0.04678
 17.8100   0.04703
 17.8140   0.04706
 17.8170   0.04709
 17.8240   0.04715
 17.8250   0.04716
 17.8450   0.04732
 17.8740   0.04769
 17.8990   0.04787
 17.9050   0.04795
 17.9190   0.04809
 17.9440   0.04837
 17.9460   0.04838
 17.9900   0.04864
 18.0070   0.04874
 18.0120   0.04877
 18.0150   0.04879
 18.0300   0.04893
 18.0970   0.04995
 18.1000   0.05002
 18.1420   0.05089
 18.1440   0.05094
 18.1490   0.05107
 18.1600   0.05128
 18.1630   0.05132
 18.1890   0.05170
 18.2050   0.05211
 18.2060   0.05214
 18.2280   0.05274
 18.2520   0.05323
 18.3050   0.05438
 18.3570   0.05564
 18.4050   0.05698
 18.4340   0.05782
 18.4350   0.05785
 18.4660   0.05879
 18.4910   0.05957
 18.4980   0.05980
 18.5350   0.06098
 18.5410   0.06118
 18.5460   0.06135
 18.6000   0.06296
 18.6040   0.06305
 18.6190   0.06340
 18.6200   0.06342
 18.6230   0.06352
 18.6880   0.06562
 18.6930   0.06575
 18.7160   0.06643
 18.7170   0.06644
 18.7390   0.06682
 18.7720   0.06740
 18.7970   0.06790
 18.8320   0.06854
 18.8570   0.06894
 18.8670   0.06910
 18.8870   0.06949
 18.8880   0.06951
 18.9010   0.06975
 18.9850   0.07129
 19.0270   0.07201
 19.0390   0.07221
 19.0470   0.07235
 19.0490   0.07239
 19.0510   0.07242
 19.0600   0.07258
 19.0740   0.07281
 19.0810   0.07292
 19.0820   0.07294
 19.1050   0.07328
 19.1220   0.07359
 19.1320   0.07375
 19.1340   0.07378
 19.1660   0.07433
 19.1720   0.07444
 19.1950   0.07482
 19.1990   0.07489
 19.2620   0.07589
 19.3330   0.07717
 19.4220   0.07830
 19.4270   0.07837
 19.4490   0.07847
 19.4510   0.07847
 19.4700   0.07849
 19.4980   0.07872
 19.5010   0.07871
 19.5050   0.07869
 19.5070   0.07869
 19.5120   0.07867
 19.5190   0.07873
 19.5210   0.07875
 19.5330   0.07885
 19.5510   0.07892
 19.5660   0.07894
 19.5670   0.07895
 19.6340   0.07909
 19.6420   0.07913
 19.6470   0.07915
 19.6540   0.07914
 19.6550   0.07914
 19.6570   0.07914
 19.7620   0.07926
 19.7660   0.07927
 19.7980   0.07933
 19.8280   0.07939
 19.8690   0.07954
 19.9270   0.08002
 19.9310   0.08005
 19.9380   0.08011
 19.9690   0.08042
 20.0070   0.08074
 20.0180   0.08083
 20.0270   0.08090
 20.0340   0.08097
 20.0350   0.08098
 20.0390   0.08103
 20.0550   0.08118
 20.0690   0.08128
 20.1050   0.08156
 20.1060   0.08156
 20.1110   0.08158
 20.1190   0.08162
 20.1280   0.08167
 20.1510   0.08180
 20.1610   0.08185
 20.1800   0.08193
 20.1970   0.08197
 20.2040   0.08198
 20.2070   0.08199
 20.2320   0.08198
 20.2380   0.08197
 20.2480   0.08194
 20.2810   0.08190
 20.2830   0.08190
 20.2870   0.08188
 20.3040   0.08182
 20.3270   0.08177
 20.3320   0.08179
 20.3490   0.08188
 20.3670   0.08196
 20.3770   0.08204
 20.4390   0.08235
 20.4470   0.08239
 20.4490   0.08240
 20.4830   0.08260
 20.4850   0.08262
 20.4880   0.08265
 20.5150   0.08293
 20.5410   0.08317
 20.5420   0.08318
 20.5600   0.08336
 20.5770   0.08356
 20.5840   0.08364
 20.5960   0.08379
 20.6040   0.08389
 20.6080   0.08394
 20.6100   0.08396
 20.6160   0.08405
 20.6490   0.08457
 20.6800   0.08511
 20.6900   0.08519
 20.7240   0.08549
 20.7260   0.08552
 20.7310   0.08561
 20.7380   0.08573
 20.7570   0.08592
 20.7610   0.08599
 20.7930   0.08642
 20.8130   0.08661
 20.8250   0.08671
 20.8400   0.08689
 20.8500   0.08701
 20.9130   0.08769
 20.9650   0.08845
 20.9770   0.08870
 20.9840   0.08891
 21.0110   0.08946
 21.0360   0.09003
 21.0410   0.09022
 21.0690   0.09102
 21.0830   0.09123
 21.0870   0.09141
 21.0910   0.09158
 21.0970   0.09182
 21.1070   0.09213
 21.1080   0.09215
 21.1360   0.09296
 21.1380   0.09300
 21.1390   0.09305
 21.1410   0.09313
 21.1440   0.09319
 21.2130   0.09535
 21.2250   0.09602
 21.2480   0.09700
 21.2530   0.09732
 21.2620   0.09774
 21.2740   0.09831
 21.2760   0.09845
 21.2970   0.09955
 21.2980   0.09962
 21.3120   0.10042
 21.3170   0.10075
 21.3180   0.10082
 21.3350   0.10184
 21.3390   0.10206
 21.3490   0.10265
 21.3620   0.10352
 21.3950   0.10580
 21.4030   0.10632
 21.4080   0.10666
 21.4190   0.10734
 21.4200   0.10741
 21.4260   0.10779
 21.4500   0.10916
 21.5120   0.11289
 21.5410   0.11460
 21.5490   0.11509
 21.5570   0.11558
 21.5660   0.11614
 21.5800   0.11693
 21.6230   0.11950
 21.6260   0.11969
 21.6360   0.12033
 21.6380   0.12044
 21.6400   0.12054
 21.6750   0.12242
 21.6980   0.12380
 21.7210   0.12498
 21.7390   0.12577
 21.7570   0.12656
 21.7940   0.12829
 21.7960   0.12838
 21.8090   0.12920
 21.8390   0.13077
 21.8670   0.13217
 21.8750   0.13264
 21.8830   0.13317
 21.9020   0.13398
 21.9200   0.13485
 21.9220   0.13497
 21.9250   0.13510
 21.9440   0.13594
 21.9490   0.13619
 21.9520   0.13632
 21.9590   0.13664
 21.9620   0.13678
 21.9650   0.13692
 21.9750   0.13742
 21.9980   0.13853
 22.0060   0.13892
 22.0250   0.13982
 22.0260   0.13986
 22.0330   0.14018
 22.0420   0.14058
 22.0490   0.14088
 22.0670   0.14164
 22.0880   0.14247
 22.0920   0.14263
 22.0940   0.14270
 22.1020   0.14300
 22.1280   0.14393
 22.1890   0.14593
 22.2210   0.14684
 22.2350   0.14720
 22.2430   0.14738
 22.2480   0.14750
 22.2530   0.14761
 22.2710   0.14798
 22.2740   0.14804
 22.2800   0.14816
 22.3190   0.14883
 22.3200   0.14885
 22.3400   0.14916
 22.3490   0.14929
 22.3520   0.14933
 22.3600   0.14944
 22.4150   0.15013
 22.4350   0.15035
 22.5400   0.15162
 22.6130   0.15266
 22.6520   0.15332
 22.6540   0.15336
 22.6980   0.15418
 22.7610   0.15542
 22.8060   0.15635
 22.8430   0.15711
 22.8720   0.15772
 22.8880   0.15805
 22.8930   0.15815
 23.0160   0.16069
 23.1880   0.16408
 23.2100   0.16450
 23.5160   0.17003
 23.6980   0.17319
 23.7500   0.17409
