 10.1740   0.03855
 11.8410   0.04311
 11.9690   0.04344
 12.2900   0.04422
 12.9780   0.04578
 13.0810   0.04600
 13.3660   0.04663
 13.5100   0.04695
 13.6250   0.04721
 13.6470   0.04726
 13.6690   0.04731
 13.8480   0.04774
 13.9470   0.04799
 14.1870   0.04865
 14.3170   0.04905
 14.4490   0.04949
 14.5390   0.04982
 14.8700   0.05115
 14.9320   0.05142
 15.0750   0.05202
 15.2290   0.05264
 15.2780   0.05283
 15.4880   0.05355
 15.5090   0.05361
 15.5920   0.05382
 15.6310   0.05391
 15.6390   0.05393
 15.6500   0.05395
 15.7430   0.05413
 15.9010   0.05440
 15.9280   0.05442
 16.0240   0.05448
 16.1710   0.05444
 16.1840   0.05443
 16.3130   0.05438
 16.4340   0.05422
 16.5710   0.05425
 16.5930   0.05431
 16.6150   0.05438
 16.7350   0.05462
 16.8060   0.05485
 16.9610   0.05583
 16.9810   0.05599
 16.9890   0.05606
 17.0360   0.05648
 17.0720   0.05680
 17.0810   0.05689
 17.1350   0.05737
 17.1410   0.05742
 17.2550   0.05846
 17.3010   0.05888
 17.3170   0.05902
 17.3470   0.05929
 17.3820   0.05959
 17.4230   0.05995
 17.4280   0.05999
 17.4320   0.06003
 17.6800   0.06216
 17.6890   0.06224
 17.7000   0.06234
 17.7070   0.06240
 17.7180   0.06250
 17.7410   0.06271
 17.8210   0.06344
 17.8430   0.06364
 17.9690   0.06478
 18.0080   0.06511
 18.0140   0.06516
 18.0320   0.06531
 18.1300   0.06608
 18.1390   0.06614
 18.1660   0.06633
 18.1750   0.06639
 18.1830   0.06645
 18.2160   0.06670
 18.2870   0.06732
 18.3290   0.06764
 18.3300   0.06765
 18.4380   0.06895
 18.4560   0.06913
 18.4640   0.06924
 18.4760   0.06938
 18.5060   0.06973
 18.5530   0.07037
 18.5690   0.07060
 18.6710   0.07246
 18.6770   0.07255
 18.6980   0.07299
 18.7100   0.07320
 18.7860   0.07444
 18.7890   0.07449
 18.8190   0.07511
 18.8380   0.07544
 18.8430   0.07557
 18.8610   0.07591
 18.8660   0.07605
 18.8730   0.07616
 18.8740   0.07618
 18.8860   0.07642
 18.9040   0.07688
 18.9150   0.07706
 18.9170   0.07709
 18.9190   0.07715
 18.9380   0.07764
 18.9450   0.07776
 18.9940   0.07857
 19.0040   0.07873
 19.0140   0.07890
 19.0270   0.07913
 19.0550   0.07963
 19.0570   0.07967
 19.0690   0.08010
 19.0850   0.08073
 19.0900   0.08086
 19.1840   0.08355
 19.2010   0.08422
 19.2400   0.08555
 19.2990   0.08753
 19.3850   0.09090
 19.4030   0.09161
 19.4070   0.09177
 19.4190   0.09224
 19.4730   0.09442
 19.4930   0.09524
 19.5080   0.09586
 19.5100   0.09595
 19.5430   0.09726
 19.5710   0.09836
 19.5820   0.09883
 19.6070   0.09980
 19.6120   0.09999
 19.6420   0.10122
 19.6490   0.10152
 19.6780   0.10275
 19.8020   0.10758
 19.8360   0.10880
 19.8620   0.10982
 19.8750   0.11026
 19.8790   0.11042
 19.9060   0.11151
 19.9150   0.11188
 19.9190   0.11204
 19.9200   0.11208
 19.9260   0.11231
 19.9420   0.11286
 19.9830   0.11431
 20.0170   0.11560
 20.0360   0.11617
 20.0420   0.11626
 20.0450   0.11631
 20.0490   0.11637
 20.0550   0.11651
 20.0630   0.11674
 20.0960   0.11724
 20.1600   0.11819
 20.1660   0.11823
 20.1860   0.11824
 20.1950   0.11848
 20.1960   0.11849
 20.2360   0.11854
 20.2470   0.11878
 20.2790   0.11910
 20.2890   0.11925
 20.2920   0.11931
 20.3200   0.11943
 20.3250   0.11951
 20.3280   0.11953
 20.3540   0.11935
 20.3550   0.11937
 20.3670   0.11953
 20.3830   0.11972
 20.4120   0.12000
 20.4210   0.12008
 20.4230   0.12010
 20.4380   0.12005
 20.4930   0.11987
 20.5030   0.11990
 20.5040   0.11990
 20.5200   0.11992
 20.5230   0.11992
 20.5760   0.11945
 20.6110   0.11913
 20.6190   0.11900
 20.6270   0.11888
 20.7260   0.11753
 20.7950   0.11652
 20.8200   0.11605
 20.8380   0.11578
 20.8520   0.11569
 20.9490   0.11465
 20.9600   0.11462
 21.0270   0.11425
 21.0320   0.11421
 21.0390   0.11417
 21.0410   0.11416
 21.0720   0.11400
 21.1080   0.11388
 21.1280   0.11376
 21.1470   0.11372
 21.1600   0.11353
 21.1670   0.11345
 21.1800   0.11324
 21.1860   0.11312
 21.1930   0.11296
 21.1950   0.11292
 21.2140   0.11273
 21.2160   0.11269
 21.2180   0.11269
 21.2190   0.11269
 21.2660   0.11236
 21.2730   0.11236
 21.2880   0.11211
 21.3380   0.11150
 21.3510   0.11144
 21.3540   0.11146
 21.3930   0.11134
 21.4010   0.11136
 21.4050   0.11138
 21.4430   0.11132
 21.4530   0.11137
 21.4740   0.11132
 21.5190   0.11162
 21.5210   0.11162
 21.5420   0.11175
 21.5440   0.11177
 21.5630   0.11196
 21.5670   0.11200
 21.5690   0.11203
 21.5740   0.11208
 21.6110   0.11249
 21.6120   0.11251
 21.6130   0.11252
 21.6260   0.11267
 21.6410   0.11285
 21.6650   0.11315
 21.6720   0.11324
 21.6890   0.11348
 21.6950   0.11356
 21.7040   0.11368
 21.7100   0.11376
 21.7200   0.11389
 21.7320   0.11406
 21.7390   0.11416
 21.7540   0.11438
 21.7560   0.11441
 21.7650   0.11454
 21.7660   0.11455
 21.7760   0.11470
 21.7820   0.11478
 21.8120   0.11521
 21.8150   0.11525
 21.8590   0.11585
 21.9020   0.11644
 21.9060   0.11650
 21.9110   0.11657
 21.9280   0.11683
 21.9420   0.11702
 21.9560   0.11721
 21.9870   0.11769
 22.0130   0.11810
 22.0180   0.11818
 22.0410   0.11852
 22.0560   0.11874
 22.0580   0.11877
 22.0780   0.11907
 22.0860   0.11920
 22.1050   0.11949
 22.1530   0.12027
 22.1760   0.12076
 22.1800   0.12082
 22.2320   0.12174
 22.2420   0.12184
 22.2650   0.12236
 22.2720   0.12244
 22.3360   0.12423
 22.3560   0.12491
 22.3590   0.12498
 22.3610   0.12505
 22.3690   0.12510
 22.4130   0.12643
 22.4280   0.12710
 22.4540   0.12740
 22.4640   0.12745
 22.4840   0.12834
 22.4940   0.12881
 22.5080   0.12924
 22.5120   0.12929
 22.5340   0.13027
 22.5390   0.13050
 22.5690   0.13160
 22.5710   0.13170
 22.5950   0.13279
 22.5970   0.13285
 22.6050   0.13323
 22.6810   0.13637
 22.7150   0.13786
 22.7450   0.13919
 22.7490   0.13936
 22.7610   0.13983
 22.7650   0.14000
 22.7760   0.14047
 22.8060   0.14184
 22.8260   0.14271
 22.8380   0.14323
 22.8470   0.14362
 22.8660   0.14443
 22.8750   0.14480
 22.9060   0.14598
 22.9130   0.14626
 22.9390   0.14724
 22.9480   0.14754
 22.9510   0.14764
 22.9530   0.14771
 22.9550   0.14778
 22.9560   0.14781
 22.9910   0.14896
 22.9960   0.14914
 23.0140   0.14963
 23.0230   0.14986
 23.0270   0.14998
 23.0300   0.15009
 23.0360   0.15024
 23.0630   0.15112
 23.0660   0.15119
 23.0770   0.15142
 23.0990   0.15189
 23.1110   0.15210
 23.1260   0.15235
 23.1340   0.15247
 23.1560   0.15309
 23.1600   0.15323
 23.1880   0.15395
 23.1900   0.15402
 23.2570   0.15476
 23.3060   0.15525
 23.3100   0.15525
 23.3160   0.15523
 23.3250   0.15536
 23.4050   0.15529
 23.4100   0.15524
 23.4290   0.15541
 23.4700   0.15537
 23.4830   0.15525
 23.5200   0.15527
 23.5470   0.15518
 23.6250   0.15511
 23.6520   0.15522
 23.6710   0.15526
 23.7530   0.15570
 23.7640   0.15579
 23.7960   0.15595
 23.8100   0.15604
 23.8530   0.15632
 23.8610   0.15637
 23.8680   0.15642
 23.9360   0.15694
 23.9420   0.15698
 23.9440   0.15700
 23.9720   0.15721
 23.9930   0.15737
 24.0870   0.15807
 24.1100   0.15824
 24.1470   0.15844
 24.1900   0.15878
 24.2070   0.15891
 24.2120   0.15893
 24.2760   0.15952
 24.2890   0.15965
 24.3800   0.16070
 24.4680   0.16180
 24.4890   0.16207
 24.5610   0.16298
 24.5640   0.16302
 24.6190   0.16371
 24.6450   0.16403
 24.6970   0.16467
 24.7730   0.16560
 24.8410   0.16642
 24.8600   0.16665
 24.8990   0.16713
 24.9650   0.16793
 24.9660   0.16795
 24.9700   0.16799
 25.0430   0.16889
 25.1630   0.17037
 25.3320   0.17369
 25.3480   0.17420
 25.4300   0.17766
 25.6310   0.19180
 25.7070   0.19841
 25.8090   0.20760
 25.9010   0.21591
 25.9440   0.21974
 26.0710   0.23080
 27.9380   0.37136
 28.2390   0.39482
