  7.9340   0.01271
  9.4690   0.01551
  9.5490   0.01567
  9.9370   0.01644
 10.4760   0.01755
 10.7500   0.01813
 11.1040   0.01890
 11.2640   0.01925
 11.3710   0.01949
 11.4900   0.01976
 11.5720   0.01994
 11.5820   0.01997
 11.7540   0.02036
 11.7580   0.02037
 12.1270   0.02127
 12.3100   0.02175
 12.3670   0.02191
 12.6000   0.02259
 12.6500   0.02275
 12.8320   0.02331
 12.8590   0.02340
 13.1430   0.02424
 13.3330   0.02480
 13.4200   0.02505
 13.4830   0.02524
 13.6080   0.02573
 13.7350   0.02614
 13.7970   0.02640
 13.8000   0.02641
 14.2140   0.02789
 14.2760   0.02814
 14.3190   0.02832
 14.3930   0.02866
 14.4390   0.02889
 14.5100   0.02929
 14.5430   0.02948
 14.5690   0.02966
 14.6250   0.03002
 14.6670   0.03030
 14.7850   0.03114
 14.8710   0.03177
 14.9650   0.03249
 15.0070   0.03281
 15.0410   0.03307
 15.0590   0.03321
 15.2650   0.03477
 15.2890   0.03496
 15.3380   0.03532
 15.3950   0.03572
 15.4190   0.03589
 15.4270   0.03595
 15.4530   0.03612
 15.5110   0.03650
 15.5960   0.03702
 15.6020   0.03705
 15.6660   0.03744
 15.8080   0.03822
 15.8500   0.03848
 15.9940   0.03932
 16.0000   0.03935
 16.0060   0.03938
 16.0570   0.03968
 16.0760   0.03979
 16.0840   0.03984
 16.0970   0.03993
 16.1080   0.04000
 16.1480   0.04029
 16.1850   0.04060
 16.2300   0.04102
 16.3250   0.04205
 16.5170   0.04453
 16.5200   0.04457
 16.5750   0.04527
 16.6250   0.04588
 16.6780   0.04652
 16.6940   0.04670
 16.6960   0.04672
 16.6970   0.04673
 16.7070   0.04685
 16.7120   0.04691
 16.7540   0.04738
 16.7960   0.04780
 16.8030   0.04787
 16.8110   0.04794
 16.8160   0.04798
 16.8520   0.04833
 16.8660   0.04848
 16.9090   0.04887
 16.9380   0.04920
 16.9940   0.04990
 17.0010   0.04996
 17.0030   0.04998
 17.0080   0.05006
 17.0740   0.05073
 17.0760   0.05075
 17.1090   0.05106
 17.1280   0.05121
 17.1420   0.05135
 17.1440   0.05137
 17.1670   0.05157
 17.1780   0.05166
 17.2220   0.05214
 17.2320   0.05225
 17.2680   0.05268
 17.2700   0.05271
 17.2870   0.05294
 17.2990   0.05311
 17.3150   0.05338
 17.3420   0.05392
 17.3720   0.05447
 17.3770   0.05456
 17.3790   0.05460
 17.4160   0.05534
 17.4170   0.05536
 17.4210   0.05544
 17.4640   0.05631
 17.4790   0.05663
 17.5030   0.05715
 17.5060   0.05721
 17.6020   0.05944
 17.6510   0.06068
 17.6740   0.06119
 17.6840   0.06144
 17.6890   0.06157
 17.7100   0.06210
 17.7470   0.06304
 17.7620   0.06339
 17.7630   0.06341
 17.7640   0.06344
 17.8050   0.06455
 17.8160   0.06484
 17.8270   0.06511
 17.8330   0.06527
 17.8430   0.06554
 17.8590   0.06596
 17.8780   0.06645
 17.9100   0.06738
 17.9190   0.06764
 17.9200   0.06766
 17.9860   0.06932
 18.0050   0.06987
 18.0390   0.07076
 18.0760   0.07163
 18.1370   0.07294
 18.1440   0.07305
 18.1450   0.07307
 18.1660   0.07340
 18.1980   0.07410
 18.2180   0.07439
 18.2340   0.07466
 18.2410   0.07479
 18.2530   0.07494
 18.2670   0.07515
 18.2760   0.07528
 18.2990   0.07563
 18.3490   0.07633
 18.3580   0.07645
 18.3600   0.07647
 18.3940   0.07693
 18.4060   0.07705
 18.4230   0.07727
 18.4350   0.07739
 18.4500   0.07758
 18.5020   0.07812
 18.5200   0.07832
 18.5500   0.07865
 18.5810   0.07900
 18.5960   0.07917
 18.6000   0.07921
 18.6060   0.07928
 18.6120   0.07935
 18.6250   0.07950
 18.6270   0.07952
 18.6580   0.07987
 18.6790   0.08012
 18.6850   0.08019
 18.7110   0.08052
 18.7290   0.08076
 18.7320   0.08080
 18.7690   0.08129
 18.7740   0.08135
 18.7860   0.08154
 18.7950   0.08167
 18.8210   0.08199
 18.8330   0.08214
 18.8710   0.08268
 18.9230   0.08331
 18.9250   0.08334
 18.9290   0.08341
 18.9670   0.08392
 18.9690   0.08395
 18.9890   0.08422
 19.0400   0.08493
 19.0430   0.08497
 19.0900   0.08555
 19.1010   0.08570
 19.1590   0.08650
 19.1680   0.08664
 19.1740   0.08673
 19.1790   0.08679
 19.1970   0.08705
 19.2540   0.08784
 19.3000   0.08859
 19.3060   0.08869
 19.3260   0.08898
 19.3390   0.08916
 19.3730   0.08961
 19.4110   0.08996
 19.4130   0.08999
 19.4210   0.09011
 19.4270   0.09020
 19.4380   0.09029
 19.4440   0.09034
 19.4660   0.09055
 19.4810   0.09069
 19.4910   0.09083
 19.5020   0.09093
 19.5250   0.09121
 19.5300   0.09126
 19.5580   0.09164
 19.5590   0.09165
 19.5920   0.09210
 19.6330   0.09254
 19.6390   0.09260
 19.6470   0.09268
 19.7180   0.09346
 19.7290   0.09350
 19.7360   0.09356
 19.7530   0.09374
 19.7670   0.09390
 19.7700   0.09395
 19.7750   0.09400
 19.7770   0.09400
 19.7860   0.09403
 19.8110   0.09434
 19.8220   0.09437
 19.8360   0.09446
 19.8420   0.09450
 19.8730   0.09482
 19.8930   0.09505
 19.8940   0.09506
 19.9020   0.09516
 19.9120   0.09528
 19.9360   0.09556
 19.9630   0.09582
 19.9760   0.09595
 19.9830   0.09603
 19.9860   0.09606
 19.9960   0.09619
 20.0080   0.09636
 20.0330   0.09675
 20.0340   0.09677
 20.0460   0.09697
 20.0700   0.09735
 20.1460   0.09847
 20.1830   0.09907
 20.1970   0.09937
 20.2010   0.09946
 20.2190   0.09986
 20.2280   0.10009
 20.2310   0.10017
 20.2820   0.10114
 20.2860   0.10125
 20.3000   0.10149
 20.3460   0.10243
 20.3630   0.10284
 20.3940   0.10352
 20.4440   0.10465
 20.4510   0.10481
 20.4580   0.10497
 20.4590   0.10499
 20.4960   0.10568
 20.4980   0.10571
 20.5050   0.10582
 20.5080   0.10587
 20.5130   0.10596
 20.5300   0.10622
 20.5480   0.10649
 20.5590   0.10666
 20.5800   0.10699
 20.6160   0.10748
 20.6680   0.10811
 20.6770   0.10820
 20.7030   0.10851
 20.7200   0.10870
 20.7230   0.10874
 20.7400   0.10896
 20.7430   0.10901
 20.7440   0.10902
 20.7850   0.10963
 20.8030   0.10989
 20.8130   0.11003
 20.8180   0.11010
 20.8410   0.11044
 20.8630   0.11083
 20.8930   0.11128
 20.9130   0.11164
 20.9150   0.11167
 20.9400   0.11220
 20.9500   0.11242
 20.9550   0.11249
 20.9560   0.11251
 20.9670   0.11271
 20.9700   0.11276
 20.9750   0.11288
 21.0890   0.11473
 21.1200   0.11519
 21.1470   0.11551
 21.1480   0.11551
 21.1710   0.11598
 21.2070   0.11650
 21.2140   0.11666
 21.2230   0.11685
 21.2350   0.11711
 21.2480   0.11737
 21.2860   0.11788
 21.2880   0.11789
 21.3000   0.11787
 21.3190   0.11791
 21.3280   0.11791
 21.3300   0.11791
 21.3360   0.11789
 21.3760   0.11818
 21.4090   0.11806
 21.4880   0.11801
 21.5060   0.11802
 21.5380   0.11813
 21.5420   0.11814
 21.5480   0.11816
 21.5620   0.11818
 21.5660   0.11818
 21.5700   0.11819
 21.5760   0.11820
 21.5770   0.11820
 21.6020   0.11823
 21.6350   0.11826
 21.6510   0.11826
 21.7010   0.11820
 21.7220   0.11817
 21.7340   0.11815
 21.7360   0.11815
 21.7460   0.11812
 21.7490   0.11811
 21.7570   0.11808
 21.7730   0.11802
 21.7840   0.11798
 21.7920   0.11794
 21.8870   0.11739
 21.8940   0.11734
 21.8990   0.11730
 21.9060   0.11726
 21.9110   0.11722
 21.9730   0.11677
 21.9810   0.11671
 21.9990   0.11658
 22.0000   0.11657
 22.0020   0.11656
 22.0260   0.11642
 22.0390   0.11635
 22.0750   0.11624
 22.0920   0.11621
 22.1440   0.11630
 22.2160   0.11698
 22.2260   0.11714
 22.2390   0.11737
 22.2680   0.11796
 22.2970   0.11866
 22.2980   0.11869
 22.3000   0.11874
 22.3310   0.11958
 22.3350   0.11970
 22.3520   0.12019
 22.3550   0.12028
 22.3820   0.12111
 22.4190   0.12227
 22.4660   0.12379
 22.4720   0.12399
 22.5650   0.12699
 22.7330   0.13214
 22.7430   0.13243
 22.7800   0.13351
 23.0290   0.14084
 23.4680   0.15463
 23.7290   0.16281
 23.8000   0.16502
 25.3460   0.21402
