  8.3370   0.02999
  9.8860   0.02864
  9.9310   0.02860
 10.2640   0.02838
 10.8170   0.02807
 11.2250   0.02790
 11.4770   0.02781
 11.5800   0.02778
 11.6260   0.02777
 11.8540   0.02772
 11.8770   0.02771
 11.9320   0.02770
 12.0860   0.02767
 12.1150   0.02766
 12.1440   0.02766
 12.5700   0.02756
 12.7000   0.02753
 12.8940   0.02746
 12.9320   0.02745
 13.1120   0.02738
 13.3810   0.02726
 13.4010   0.02725
 13.6390   0.02713
 13.7920   0.02705
 13.8730   0.02704
 13.8740   0.02704
 13.9780   0.02699
 14.1050   0.02693
 14.1290   0.02692
 14.4500   0.02708
 14.5220   0.02724
 14.5310   0.02726
 14.5660   0.02735
 14.6600   0.02762
 14.7200   0.02781
 14.7610   0.02794
 14.8680   0.02829
 14.9030   0.02838
 14.9450   0.02850
 15.0130   0.02870
 15.1410   0.02903
 15.1490   0.02905
 15.2080   0.02919
 15.3150   0.02942
 15.3160   0.02942
 15.5300   0.02987
 15.5320   0.02987
 15.5840   0.02995
 15.5860   0.02996
 15.6490   0.03005
 15.7050   0.03010
 15.7610   0.03016
 15.7620   0.03016
 15.8330   0.03020
 15.9380   0.03027
 15.9540   0.03030
 16.1270   0.03067
 16.1810   0.03082
 16.2250   0.03094
 16.2320   0.03096
 16.2710   0.03106
 16.2940   0.03112
 16.3020   0.03115
 16.3730   0.03137
 16.4320   0.03156
 16.4350   0.03157
 16.4580   0.03166
 16.4750   0.03172
 16.4920   0.03178
 16.5820   0.03211
 16.7020   0.03258
 16.7040   0.03259
 16.7340   0.03271
 16.7720   0.03287
 16.7860   0.03293
 16.8180   0.03305
 16.8210   0.03306
 16.8290   0.03309
 16.8950   0.03334
 16.9250   0.03345
 16.9660   0.03362
 16.9820   0.03369
 16.9870   0.03371
 17.0040   0.03379
 17.0150   0.03384
 17.0410   0.03394
 17.0860   0.03413
 17.1260   0.03429
 17.1280   0.03430
 17.1580   0.03442
 17.2070   0.03462
 17.2190   0.03466
 17.2420   0.03475
 17.2600   0.03482
 17.2810   0.03490
 17.2880   0.03492
 17.2980   0.03496
 17.3100   0.03502
 17.3150   0.03504
 17.3170   0.03505
 17.3410   0.03515
 17.3480   0.03517
 17.3550   0.03520
 17.3570   0.03521
 17.3610   0.03522
 17.3640   0.03524
 17.4170   0.03544
 17.4630   0.03562
 17.4710   0.03565
 17.4730   0.03566
 17.4910   0.03573
 17.5330   0.03589
 17.5340   0.03590
 17.5450   0.03593
 17.5660   0.03601
 17.5720   0.03603
 17.6090   0.03615
 17.6380   0.03622
 17.6450   0.03624
 17.6940   0.03637
 17.7210   0.03645
 17.7470   0.03651
 17.7540   0.03653
 17.7570   0.03653
 17.7690   0.03656
 17.8150   0.03668
 17.8570   0.03679
 17.8580   0.03679
 17.8790   0.03686
 17.9150   0.03697
 17.9390   0.03704
 17.9870   0.03724
 17.9940   0.03726
 18.0150   0.03734
 18.0240   0.03738
 18.0260   0.03739
 18.0280   0.03740
 18.0510   0.03748
 18.0700   0.03756
 18.0790   0.03759
 18.0890   0.03762
 18.0990   0.03766
 18.1030   0.03768
 18.1300   0.03782
 18.1360   0.03784
 18.1630   0.03796
 18.1990   0.03811
 18.2310   0.03828
 18.2510   0.03842
 18.2790   0.03853
 18.3190   0.03882
 18.3250   0.03885
 18.3310   0.03886
 18.3710   0.03902
 18.3960   0.03913
 18.4010   0.03915
 18.4060   0.03916
 18.4150   0.03919
 18.4400   0.03927
 18.4490   0.03930
 18.4630   0.03934
 18.4760   0.03938
 18.4870   0.03941
 18.5010   0.03945
 18.5110   0.03948
 18.5170   0.03949
 18.5490   0.03957
 18.5600   0.03960
 18.5660   0.03961
 18.5900   0.03965
 18.5920   0.03965
 18.6260   0.03972
 18.6380   0.03974
 18.6500   0.03975
 18.6920   0.03985
 18.7140   0.03988
 18.7170   0.03989
 18.7240   0.03992
 18.7460   0.03997
 18.8350   0.04026
 18.8800   0.04043
 18.8920   0.04047
 18.9050   0.04052
 18.9110   0.04054
 18.9140   0.04055
 18.9310   0.04061
 18.9330   0.04062
 18.9340   0.04062
 18.9600   0.04071
 18.9830   0.04077
 18.9950   0.04081
 19.0350   0.04091
 19.0530   0.04097
 19.0570   0.04097
 19.0590   0.04098
 19.0610   0.04099
 19.0990   0.04109
 19.1640   0.04127
 19.2270   0.04143
 19.2650   0.04155
 19.2740   0.04157
 19.2750   0.04158
 19.2870   0.04162
 19.2980   0.04165
 19.3120   0.04172
 19.3590   0.04184
 19.3790   0.04193
 19.3880   0.04193
 19.4190   0.04199
 19.4220   0.04198
 19.4270   0.04198
 19.4580   0.04199
 19.4930   0.04200
 19.5150   0.04203
 19.5390   0.04204
 19.5660   0.04197
 19.6000   0.04194
 19.6020   0.04193
 19.6030   0.04193
 19.6050   0.04192
 19.6160   0.04190
 19.6320   0.04184
 19.6760   0.04180
 19.6780   0.04180
 19.7100   0.04179
 19.7180   0.04180
 19.7320   0.04177
 19.7440   0.04171
 19.7540   0.04169
 19.7620   0.04167
 19.7690   0.04163
 19.7740   0.04163
 19.7980   0.04161
 19.8160   0.04156
 19.8190   0.04155
 19.8220   0.04154
 19.8510   0.04139
 19.9030   0.04102
 19.9140   0.04093
 19.9330   0.04080
 19.9350   0.04079
 19.9450   0.04072
 19.9670   0.04056
 19.9740   0.04052
 19.9870   0.04043
 19.9880   0.04042
 19.9900   0.04041
 20.0280   0.04017
 20.0340   0.04013
 20.0380   0.04010
 20.0620   0.03995
 20.0680   0.03991
 20.1000   0.03971
 20.1090   0.03965
 20.1290   0.03955
 20.1400   0.03950
 20.1430   0.03948
 20.1600   0.03938
 20.1790   0.03930
 20.1850   0.03928
 20.1950   0.03923
 20.2180   0.03914
 20.2190   0.03913
 20.2300   0.03908
 20.2430   0.03902
 20.2490   0.03898
 20.2630   0.03888
 20.2900   0.03873
 20.3030   0.03871
 20.3160   0.03867
 20.3190   0.03866
 20.3480   0.03866
 20.3820   0.03853
 20.4040   0.03842
 20.4570   0.03818
 20.4760   0.03817
 20.4850   0.03817
 20.5110   0.03815
 20.5440   0.03843
 20.5530   0.03845
 20.5580   0.03852
 20.5660   0.03858
 20.5680   0.03858
 20.6190   0.03868
 20.6260   0.03881
 20.6430   0.03897
 20.6620   0.03922
 20.6930   0.03969
 20.7120   0.03997
 20.7130   0.03998
 20.7240   0.04009
 20.7270   0.04011
 20.7350   0.04031
 20.7360   0.04032
 20.7430   0.04050
 20.7660   0.04084
 20.7720   0.04092
 20.7900   0.04112
 20.7950   0.04122
 20.8060   0.04154
 20.8140   0.04168
 20.8330   0.04209
 20.8490   0.04253
 20.8590   0.04279
 20.8730   0.04312
 20.8780   0.04322
 20.9050   0.04380
 20.9090   0.04388
 20.9200   0.04408
 20.9640   0.04489
 20.9670   0.04495
 20.9750   0.04509
 20.9990   0.04552
 21.0020   0.04558
 21.0090   0.04571
 21.0100   0.04572
 21.0520   0.04648
 21.1040   0.04748
 21.1220   0.04783
 21.1250   0.04788
 21.1490   0.04835
 21.1640   0.04867
 21.1760   0.04893
 21.2000   0.04947
 21.2290   0.05020
 21.3180   0.05278
 21.3230   0.05296
 21.3290   0.05319
 21.3440   0.05377
 21.3530   0.05412
 21.3680   0.05471
 21.3740   0.05493
 21.3950   0.05577
 21.4160   0.05650
 21.4260   0.05686
 21.4490   0.05763
 21.4840   0.05904
 21.4900   0.05928
 21.5100   0.06000
 21.5240   0.06049
 21.5270   0.06059
 21.5280   0.06062
 21.5560   0.06164
 21.5570   0.06168
 21.5690   0.06213
 21.5810   0.06257
 21.5820   0.06261
 21.5970   0.06318
 21.6220   0.06408
 21.6350   0.06453
 21.6390   0.06467
 21.6540   0.06520
 21.6680   0.06567
 21.6770   0.06598
 21.6830   0.06619
 21.7110   0.06711
 21.7260   0.06758
 21.7990   0.06971
 21.8170   0.07021
 21.8790   0.07186
 21.8850   0.07202
 21.9080   0.07262
 21.9430   0.07354
 21.9570   0.07392
 21.9610   0.07402
 21.9720   0.07432
 21.9730   0.07435
 21.9880   0.07474
 21.9990   0.07503
 22.0270   0.07580
 22.0470   0.07636
 22.0610   0.07676
 22.0620   0.07679
 22.0780   0.07727
 22.1220   0.07865
 22.1280   0.07885
 22.1620   0.08000
 22.1860   0.08084
 22.1870   0.08088
 22.2230   0.08219
 22.2260   0.08230
 22.2300   0.08245
 22.2790   0.08432
 22.2960   0.08498
 22.3070   0.08541
 22.3150   0.08572
 22.4230   0.09006
 22.4920   0.09287
 22.5070   0.09348
 22.6140   0.09781
 22.6250   0.09825
 22.6720   0.10013
 22.7490   0.10317
 22.7610   0.10364
 22.7890   0.10474
 23.3440   0.14531
 23.3880   0.15053
 23.4620   0.15905
 23.6600   0.17985
 25.3250   0.31981
