 14.0090   0.03772
 14.0460   0.03841
 14.2090   0.04142
 14.6870   0.04993
 14.8220   0.05223
 14.8710   0.05306
 14.9180   0.05384
 15.0200   0.05552
 15.1150   0.05707
 15.2320   0.05896
 15.2370   0.05904
 15.2550   0.05933
 15.3040   0.06013
 15.3180   0.06035
 15.3500   0.06087
 15.3940   0.06159
 15.4890   0.06315
 15.5380   0.06397
 15.5820   0.06472
 15.5860   0.06478
 15.6950   0.06667
 15.7110   0.06695
 15.7830   0.06823
 15.8870   0.07008
 15.9280   0.07077
 15.9320   0.07084
 15.9890   0.07182
 16.0130   0.07225
 16.0610   0.07294
 16.2210   0.07559
 16.2760   0.07637
 16.3480   0.07714
 16.3700   0.07733
 16.3900   0.07747
 16.4280   0.07769
 16.4350   0.07772
 16.5080   0.07811
 16.5370   0.07828
 16.5560   0.07832
 16.6030   0.07840
 16.6090   0.07840
 16.6250   0.07843
 16.6340   0.07844
 16.6640   0.07865
 16.6690   0.07867
 16.6980   0.07899
 16.7190   0.07927
 16.7320   0.07936
 16.7450   0.07948
 16.7940   0.08008
 16.8330   0.08074
 16.8350   0.08077
 16.8860   0.08174
 16.8890   0.08181
 16.9160   0.08234
 16.9250   0.08252
 16.9370   0.08276
 16.9420   0.08286
 16.9500   0.08304
 16.9580   0.08321
 16.9610   0.08327
 16.9740   0.08359
 17.0180   0.08454
 17.0440   0.08508
 17.0520   0.08524
 17.0620   0.08545
 17.1160   0.08670
 17.1200   0.08679
 17.1530   0.08757
 17.1710   0.08805
 17.1720   0.08807
 17.1770   0.08820
 17.2070   0.08890
 17.2330   0.08954
 17.2490   0.08993
 17.2800   0.09065
 17.3050   0.09124
 17.3120   0.09141
 17.3150   0.09149
 17.4530   0.09483
 17.5400   0.09686
 17.5500   0.09711
 17.5650   0.09745
 17.5680   0.09752
 17.5850   0.09791
 17.6010   0.09827
 17.6420   0.09923
 17.6550   0.09953
 17.6740   0.09999
 17.6820   0.10020
 17.6960   0.10052
 17.7070   0.10079
 17.7170   0.10105
 17.7190   0.10110
 17.7440   0.10174
 17.7810   0.10269
 17.7980   0.10318
 17.8030   0.10332
 17.8050   0.10338
 17.8100   0.10352
 17.8330   0.10419
 17.8450   0.10456
 17.8570   0.10495
 17.9290   0.10732
 17.9550   0.10820
 17.9590   0.10833
 17.9600   0.10836
 18.0080   0.11002
 18.0340   0.11078
 18.0370   0.11087
 18.0450   0.11113
 18.0530   0.11139
 18.0590   0.11157
 18.0940   0.11254
 18.1190   0.11313
 18.1240   0.11325
 18.1360   0.11352
 18.1590   0.11403
 18.1800   0.11453
 18.1860   0.11465
 18.1960   0.11483
 18.2120   0.11516
 18.2480   0.11581
 18.2510   0.11585
 18.2780   0.11624
 18.2920   0.11650
 18.2950   0.11656
 18.3690   0.11785
 18.3750   0.11795
 18.4870   0.12046
 18.5160   0.12109
 18.5340   0.12146
 18.5610   0.12198
 18.5710   0.12218
 18.5740   0.12224
 18.6040   0.12276
 18.6090   0.12286
 18.6170   0.12300
 18.6320   0.12327
 18.6450   0.12352
 18.6490   0.12359
 18.6740   0.12407
 18.6960   0.12448
 18.7010   0.12457
 18.7020   0.12459
 18.7290   0.12513
 18.7360   0.12528
 18.7410   0.12538
 18.7550   0.12567
 18.7840   0.12629
 18.8110   0.12688
 18.8130   0.12692
 18.8560   0.12808
 18.8850   0.12895
 18.8980   0.12920
 18.9380   0.13043
 18.9590   0.13074
 18.9620   0.13078
 18.9870   0.13116
 18.9880   0.13117
 18.9900   0.13119
 18.9970   0.13125
 19.0070   0.13139
 19.0570   0.13191
 19.0580   0.13192
 19.0600   0.13192
 19.1460   0.13211
 19.1640   0.13206
 19.2020   0.13192
 19.2220   0.13178
 19.2450   0.13158
 19.2630   0.13165
 19.2850   0.13151
 19.2990   0.13143
 19.3230   0.13139
 19.3570   0.13188
 19.3850   0.13214
 19.4100   0.13252
 19.4120   0.13255
 19.4190   0.13275
 19.4380   0.13333
 19.4570   0.13375
 19.4600   0.13384
 19.4630   0.13394
 19.4670   0.13409
 19.4840   0.13465
 19.4850   0.13468
 19.4920   0.13491
 19.5220   0.13602
 19.5260   0.13617
 19.5300   0.13632
 19.5370   0.13661
 19.5490   0.13711
 19.5520   0.13724
 19.5880   0.13873
 19.6140   0.13968
 19.6190   0.13988
 19.6230   0.14003
 19.6390   0.14053
 19.6410   0.14060
 19.6590   0.14107
 19.6770   0.14148
 19.7360   0.14258
 19.7430   0.14267
 19.7830   0.14291
 19.7970   0.14290
 19.7990   0.14290
 19.8090   0.14297
 19.8210   0.14294
 19.8380   0.14292
 19.8430   0.14293
 19.8800   0.14301
 19.9130   0.14319
 19.9160   0.14321
 19.9510   0.14322
 19.9710   0.14332
 20.0040   0.14356
 20.0050   0.14355
 20.0090   0.14360
 20.0180   0.14369
 20.0490   0.14394
 20.0550   0.14396
 20.0610   0.14406
 20.0730   0.14420
 20.0840   0.14433
 20.0930   0.14439
 20.1040   0.14449
 20.1130   0.14457
 20.1150   0.14458
 20.1530   0.14483
 20.2210   0.14538
 20.2350   0.14557
 20.2380   0.14560
 20.2530   0.14574
 20.3020   0.14636
 20.3050   0.14640
 20.3090   0.14645
 20.3280   0.14672
 20.3460   0.14698
 20.3560   0.14715
 20.3660   0.14731
 20.4010   0.14789
 20.4060   0.14799
 20.4140   0.14817
 20.4220   0.14830
 20.4230   0.14831
 20.4240   0.14832
 20.4360   0.14862
 20.4540   0.14899
 20.4640   0.14932
 20.4820   0.14974
 20.5140   0.15030
 20.5290   0.15063
 20.5320   0.15076
 20.5500   0.15130
 20.5560   0.15132
 20.6050   0.15283
 20.6310   0.15385
 20.6340   0.15389
 20.6520   0.15463
 20.6580   0.15477
 20.6680   0.15510
 20.6750   0.15537
 20.7000   0.15609
 20.7030   0.15621
 20.7040   0.15625
 20.7060   0.15633
 20.7100   0.15642
 20.7310   0.15682
 20.7350   0.15690
 20.7360   0.15692
 20.7390   0.15699
 20.7480   0.15730
 20.7520   0.15745
 20.7670   0.15786
 20.7830   0.15858
 20.7920   0.15901
 20.8090   0.15981
 20.8180   0.16016
 20.8420   0.16136
 20.8440   0.16146
 20.9180   0.16514
 20.9220   0.16533
 20.9440   0.16639
 20.9460   0.16648
 20.9860   0.16848
 21.0190   0.17013
 21.0320   0.17078
 21.0440   0.17138
 21.0650   0.17239
 21.0760   0.17292
 21.0780   0.17301
 21.0870   0.17345
 21.0920   0.17369
 21.1270   0.17540
 21.1570   0.17690
 21.1610   0.17708
 21.1740   0.17769
 21.1890   0.17838
 21.2100   0.17943
 21.2240   0.18011
 21.2370   0.18067
 21.2840   0.18295
 21.2910   0.18327
 21.3080   0.18397
 21.3310   0.18484
 21.3510   0.18555
 21.3710   0.18625
 21.4510   0.18917
 21.4580   0.18946
 21.5000   0.19112
 21.5320   0.19241
 21.5470   0.19301
 21.5710   0.19401
 21.5730   0.19410
 21.5840   0.19458
 21.5890   0.19480
 21.6300   0.19670
 21.6620   0.19829
 21.7220   0.20144
 21.7390   0.20235
 21.8120   0.20637
 21.8990   0.21122
 21.9190   0.21234
 21.9250   0.21268
 21.9420   0.21364
 21.9580   0.21454
 21.9850   0.21608
 22.1250   0.22413
 22.1320   0.22453
 22.1860   0.22759
 22.1900   0.22781
 22.2740   0.23217
 22.2820   0.23254
 22.3260   0.23445
 22.3510   0.23545
 22.4080   0.23751
 22.6710   0.24560
 22.7370   0.24761
 22.9430   0.25425
 23.4650   0.27282
 23.9830   0.29150
 47.4350   0.16828
