  8.8790   0.03003
 10.4910   0.02915
 10.5180   0.02913
 10.9660   0.02888
 11.5020   0.02860
 11.7600   0.02848
 12.1820   0.02831
 12.2990   0.02828
 12.3160   0.02827
 12.4160   0.02825
 12.4490   0.02824
 12.5350   0.02823
 12.7010   0.02820
 12.8680   0.02819
 13.0550   0.02819
 13.1700   0.02819
 13.3540   0.02820
 13.5710   0.02819
 13.6100   0.02818
 13.6910   0.02818
 13.9200   0.02817
 14.0460   0.02814
 14.2150   0.02807
 14.2460   0.02806
 14.4010   0.02795
 14.4320   0.02794
 14.5420   0.02784
 14.7490   0.02763
 14.7640   0.02762
 14.7670   0.02761
 14.8850   0.02747
 15.0930   0.02744
 15.0980   0.02744
 15.1450   0.02746
 15.2190   0.02756
 15.2610   0.02765
 15.3610   0.02795
 15.4050   0.02811
 15.4530   0.02828
 15.5040   0.02848
 15.6010   0.02882
 15.6750   0.02905
 15.7550   0.02927
 15.8070   0.02939
 15.9160   0.02966
 15.9440   0.02971
 16.0960   0.03005
 16.1090   0.03007
 16.1500   0.03013
 16.2280   0.03028
 16.2320   0.03029
 16.2840   0.03039
 16.3540   0.03057
 16.3880   0.03066
 16.3920   0.03067
 16.4370   0.03084
 16.5210   0.03114
 16.5370   0.03121
 16.6810   0.03191
 16.6920   0.03197
 16.7310   0.03220
 16.7620   0.03240
 16.7650   0.03242
 16.8540   0.03302
 16.8630   0.03309
 16.9710   0.03384
 16.9840   0.03393
 16.9980   0.03402
 17.0510   0.03434
 17.0730   0.03448
 17.0950   0.03462
 17.1840   0.03519
 17.2260   0.03547
 17.3540   0.03635
 17.3560   0.03636
 17.3720   0.03647
 17.3790   0.03652
 17.4170   0.03673
 17.4200   0.03674
 17.4420   0.03688
 17.4490   0.03692
 17.4740   0.03706
 17.5480   0.03749
 17.5490   0.03750
 17.5500   0.03751
 17.5910   0.03774
 17.6030   0.03781
 17.6580   0.03807
 17.7360   0.03840
 17.7610   0.03850
 17.7630   0.03850
 17.7840   0.03857
 17.7890   0.03858
 17.7910   0.03858
 17.7930   0.03859
 17.8240   0.03867
 17.8300   0.03868
 17.8370   0.03870
 17.8640   0.03877
 17.8660   0.03878
 17.8790   0.03881
 17.9030   0.03886
 17.9080   0.03887
 17.9150   0.03891
 17.9550   0.03912
 17.9940   0.03925
 17.9980   0.03926
 18.0000   0.03927
 18.0250   0.03937
 18.0330   0.03942
 18.0390   0.03946
 18.0480   0.03951
 18.0570   0.03956
 18.1110   0.03983
 18.1590   0.04008
 18.1800   0.04018
 18.2070   0.04033
 18.2200   0.04041
 18.2350   0.04050
 18.2530   0.04058
 18.3210   0.04099
 18.3250   0.04102
 18.3410   0.04112
 18.3710   0.04128
 18.4010   0.04138
 18.4180   0.04145
 18.4200   0.04146
 18.4340   0.04155
 18.4930   0.04185
 18.5710   0.04200
 18.5780   0.04201
 18.5800   0.04202
 18.5850   0.04205
 18.5890   0.04207
 18.6390   0.04217
 18.6440   0.04217
 18.7350   0.04187
 18.7380   0.04185
 18.7420   0.04182
 18.7470   0.04179
 18.7660   0.04180
 18.7950   0.04179
 18.8010   0.04181
 18.8190   0.04187
 18.8490   0.04191
 18.8570   0.04185
 18.8660   0.04181
 18.8890   0.04176
 18.8930   0.04174
 18.8970   0.04172
 18.9090   0.04167
 18.9210   0.04164
 18.9650   0.04158
 18.9870   0.04156
 18.9890   0.04155
 18.9900   0.04155
 18.9910   0.04155
 19.0130   0.04152
 19.0150   0.04152
 19.0250   0.04150
 19.0880   0.04138
 19.1180   0.04133
 19.1290   0.04131
 19.1480   0.04126
 19.1510   0.04126
 19.1560   0.04126
 19.1810   0.04121
 19.2270   0.04111
 19.2640   0.04105
 19.2700   0.04103
 19.2830   0.04103
 19.2840   0.04103
 19.2930   0.04103
 19.2970   0.04102
 19.3640   0.04088
 19.3710   0.04086
 19.4320   0.04069
 19.4330   0.04069
 19.4370   0.04069
 19.4440   0.04066
 19.4620   0.04058
 19.4650   0.04058
 19.4980   0.04055
 19.5090   0.04049
 19.5220   0.04041
 19.5240   0.04039
 19.5310   0.04035
 19.5320   0.04034
 19.5360   0.04032
 19.5940   0.04004
 19.6070   0.03995
 19.6420   0.03985
 19.6430   0.03984
 19.6570   0.03975
 19.6780   0.03963
 19.6830   0.03961
 19.6970   0.03960
 19.7060   0.03960
 19.7070   0.03960
 19.7370   0.03957
 19.8140   0.03976
 19.8210   0.03979
 19.8520   0.03988
 19.8620   0.03992
 19.9030   0.04011
 19.9270   0.04027
 19.9370   0.04034
 19.9660   0.04048
 19.9910   0.04062
 20.0360   0.04079
 20.0450   0.04082
 20.0570   0.04089
 20.0700   0.04098
 20.0710   0.04099
 20.0910   0.04108
 20.1080   0.04116
 20.1160   0.04120
 20.1170   0.04120
 20.1180   0.04121
 20.1280   0.04126
 20.1500   0.04128
 20.1660   0.04137
 20.1870   0.04148
 20.2040   0.04158
 20.2410   0.04172
 20.2530   0.04170
 20.2610   0.04167
 20.2620   0.04167
 20.2810   0.04176
 20.2990   0.04181
 20.3020   0.04179
 20.3180   0.04176
 20.3850   0.04155
 20.4290   0.04133
 20.4310   0.04132
 20.4320   0.04131
 20.4420   0.04127
 20.4470   0.04125
 20.4670   0.04117
 20.4690   0.04116
 20.4790   0.04110
 20.4890   0.04103
 20.5010   0.04098
 20.5070   0.04098
 20.5120   0.04098
 20.5380   0.04086
 20.5600   0.04083
 20.5610   0.04083
 20.5630   0.04082
 20.5830   0.04080
 20.5940   0.04086
 20.5950   0.04086
 20.5980   0.04088
 20.6080   0.04091
 20.6380   0.04099
 20.6560   0.04101
 20.6680   0.04102
 20.6760   0.04106
 20.6780   0.04108
 20.6900   0.04119
 20.7020   0.04123
 20.7160   0.04134
 20.7290   0.04148
 20.7480   0.04157
 20.7490   0.04157
 20.7930   0.04195
 20.8250   0.04221
 20.8350   0.04234
 20.8470   0.04242
 20.8910   0.04285
 20.8960   0.04291
 20.9010   0.04294
 20.9200   0.04321
 20.9330   0.04334
 20.9340   0.04335
 20.9370   0.04339
 20.9420   0.04344
 20.9980   0.04414
 21.0230   0.04442
 21.0620   0.04495
 21.0770   0.04520
 21.0890   0.04532
 21.0970   0.04542
 21.1020   0.04551
 21.1230   0.04580
 21.1490   0.04619
 21.1600   0.04634
 21.1660   0.04642
 21.1730   0.04654
 21.1770   0.04661
 21.1820   0.04669
 21.2040   0.04696
 21.2260   0.04721
 21.2270   0.04722
 21.2520   0.04762
 21.2550   0.04767
 21.2870   0.04811
 21.2910   0.04817
 21.2930   0.04820
 21.3050   0.04839
 21.3370   0.04887
 21.3380   0.04888
 21.3470   0.04902
 21.3670   0.04935
 21.3740   0.04946
 21.3910   0.04974
 21.3920   0.04976
 21.3970   0.04985
 21.4300   0.05043
 21.4380   0.05058
 21.4420   0.05066
 21.4490   0.05077
 21.4570   0.05089
 21.4660   0.05103
 21.4680   0.05108
 21.5060   0.05169
 21.5100   0.05175
 21.5140   0.05182
 21.5330   0.05215
 21.5470   0.05243
 21.5610   0.05271
 21.5760   0.05300
 21.5990   0.05346
 21.6090   0.05365
 21.6190   0.05385
 21.6380   0.05424
 21.6620   0.05473
 21.6830   0.05517
 21.7210   0.05598
 21.7230   0.05603
 21.7320   0.05622
 21.7450   0.05650
 21.7780   0.05720
 21.7880   0.05741
 21.8100   0.05785
 21.8110   0.05787
 21.8190   0.05803
 21.8560   0.05875
 21.8610   0.05884
 21.8690   0.05898
 21.8770   0.05912
 21.8930   0.05939
 21.9480   0.06031
 21.9760   0.06072
 21.9780   0.06075
 22.0050   0.06111
 22.0140   0.06122
 22.0280   0.06140
 22.0660   0.06190
 22.0740   0.06201
 22.0760   0.06204
 22.1330   0.06287
 22.1480   0.06310
 22.1680   0.06341
 22.1710   0.06346
 22.1910   0.06376
 22.1920   0.06377
 22.1980   0.06387
 22.2330   0.06444
 22.2390   0.06454
 22.2480   0.06468
 22.2600   0.06488
 22.2670   0.06500
 22.2810   0.06524
 22.3020   0.06561
 22.3470   0.06646
 22.3770   0.06703
 22.4010   0.06749
 22.4630   0.06880
 22.4730   0.06901
 22.4800   0.06915
 22.5020   0.06960
 22.5200   0.06996
 22.5230   0.07002
 22.5360   0.07028
 22.5700   0.07094
 22.5730   0.07099
 22.6300   0.07204
 22.6520   0.07243
 22.7610   0.07428
 22.7890   0.07474
 22.8100   0.07507
 22.8420   0.07558
 22.8620   0.07590
 22.9540   0.07735
 22.9690   0.07758
 23.0000   0.07807
 23.0200   0.07838
 23.0210   0.07840
 23.0550   0.07894
 23.0990   0.07963
 23.1210   0.07998
 23.1350   0.08021
 23.3870   0.08430
 23.4860   0.08594
 23.7120   0.08971
