 15.0420   0.02069
 15.2810   0.02255
 15.4240   0.02366
 15.5840   0.02490
 15.7300   0.02603
 15.7390   0.02609
 15.8920   0.02726
 15.9190   0.02746
 16.0200   0.02822
 16.0760   0.02864
 16.1620   0.02927
 16.1630   0.02928
 16.1880   0.02947
 16.1910   0.02949
 16.2430   0.02987
 16.3170   0.03040
 16.3220   0.03044
 16.3590   0.03070
 16.3940   0.03095
 16.4270   0.03119
 16.5090   0.03176
 16.6090   0.03246
 16.6190   0.03253
 16.6750   0.03292
 16.6810   0.03296
 16.6950   0.03306
 16.8520   0.03415
 16.8650   0.03424
 16.9070   0.03451
 16.9130   0.03456
 16.9530   0.03484
 16.9760   0.03501
 17.0490   0.03553
 17.1210   0.03606
 17.1690   0.03642
 17.1720   0.03645
 17.2820   0.03730
 17.2840   0.03731
 17.3500   0.03778
 17.3610   0.03786
 17.4110   0.03821
 17.4520   0.03851
 17.4860   0.03866
 17.5330   0.03891
 17.5380   0.03892
 17.5590   0.03902
 17.5910   0.03918
 17.5980   0.03921
 17.6060   0.03923
 17.6670   0.03944
 17.7170   0.03957
 17.7340   0.03961
 17.7640   0.03966
 17.7660   0.03967
 17.7710   0.03968
 17.7760   0.03969
 17.7820   0.03970
 17.8100   0.03979
 17.8140   0.03980
 17.8170   0.03980
 17.8240   0.03982
 17.8250   0.03982
 17.8450   0.03987
 17.8740   0.03997
 17.8990   0.04003
 17.9050   0.04004
 17.9190   0.04010
 17.9440   0.04017
 17.9460   0.04017
 17.9900   0.04029
 18.0070   0.04034
 18.0120   0.04036
 18.0150   0.04036
 18.0300   0.04042
 18.0970   0.04066
 18.1000   0.04067
 18.1420   0.04080
 18.1440   0.04081
 18.1490   0.04083
 18.1600   0.04087
 18.1630   0.04087
 18.1890   0.04095
 18.2050   0.04099
 18.2060   0.04100
 18.2280   0.04108
 18.2520   0.04117
 18.3050   0.04136
 18.3570   0.04153
 18.4050   0.04167
 18.4340   0.04177
 18.4350   0.04177
 18.4660   0.04188
 18.4910   0.04196
 18.4980   0.04198
 18.5350   0.04210
 18.5410   0.04211
 18.5460   0.04212
 18.6000   0.04224
 18.6040   0.04224
 18.6190   0.04222
 18.6200   0.04223
 18.6230   0.04222
 18.6880   0.04253
 18.6930   0.04257
 18.7160   0.04266
 18.7170   0.04266
 18.7390   0.04248
 18.7720   0.04225
 18.7970   0.04203
 18.8320   0.04187
 18.8570   0.04163
 18.8670   0.04153
 18.8870   0.04140
 18.8880   0.04139
 18.9010   0.04132
 18.9850   0.04097
 19.0270   0.04073
 19.0390   0.04066
 19.0470   0.04061
 19.0490   0.04060
 19.0510   0.04058
 19.0600   0.04053
 19.0740   0.04044
 19.0810   0.04039
 19.0820   0.04038
 19.1050   0.04018
 19.1220   0.04008
 19.1320   0.04001
 19.1340   0.03999
 19.1660   0.03979
 19.1720   0.03979
 19.1950   0.03962
 19.1990   0.03959
 19.2620   0.03942
 19.3330   0.03907
 19.4220   0.03916
 19.4270   0.03915
 19.4490   0.03927
 19.4510   0.03928
 19.4700   0.03940
 19.4980   0.03943
 19.5010   0.03945
 19.5050   0.03948
 19.5070   0.03950
 19.5120   0.03953
 19.5190   0.03953
 19.5210   0.03953
 19.5330   0.03952
 19.5510   0.03956
 19.5660   0.03960
 19.5670   0.03960
 19.6340   0.03969
 19.6420   0.03968
 19.6470   0.03967
 19.6540   0.03969
 19.6550   0.03969
 19.6570   0.03970
 19.7620   0.03957
 19.7660   0.03958
 19.7980   0.03962
 19.8280   0.03965
 19.8690   0.03982
 19.9270   0.04013
 19.9310   0.04014
 19.9380   0.04017
 19.9690   0.04040
 20.0070   0.04051
 20.0180   0.04055
 20.0270   0.04059
 20.0340   0.04065
 20.0350   0.04066
 20.0390   0.04071
 20.0550   0.04085
 20.0690   0.04094
 20.0830   0.04099
 20.1050   0.04120
 20.1060   0.04120
 20.1110   0.04121
 20.1190   0.04124
 20.1280   0.04127
 20.1510   0.04151
 20.1610   0.04163
 20.1800   0.04182
 20.1970   0.04202
 20.2040   0.04210
 20.2070   0.04214
 20.2320   0.04233
 20.2380   0.04238
 20.2480   0.04245
 20.2810   0.04245
 20.2830   0.04244
 20.2870   0.04244
 20.3040   0.04239
 20.3270   0.04223
 20.3320   0.04219
 20.3490   0.04208
 20.3670   0.04196
 20.3770   0.04190
 20.4390   0.04149
 20.4470   0.04142
 20.4490   0.04140
 20.4830   0.04112
 20.4850   0.04112
 20.4880   0.04112
 20.5150   0.04106
 20.5410   0.04089
 20.5420   0.04088
 20.5600   0.04078
 20.5770   0.04085
 20.5840   0.04088
 20.5960   0.04084
 20.6040   0.04084
 20.6080   0.04082
 20.6100   0.04082
 20.6160   0.04080
 20.6490   0.04077
 20.6800   0.04073
 20.6900   0.04082
 20.7240   0.04101
 20.7260   0.04104
 20.7310   0.04111
 20.7380   0.04120
 20.7570   0.04121
 20.7610   0.04123
 20.7930   0.04152
 20.8130   0.04174
 20.8250   0.04190
 20.8400   0.04201
 20.8500   0.04208
 20.9130   0.04283
 20.9650   0.04356
 20.9770   0.04374
 20.9840   0.04386
 20.9910   0.04396
 21.0110   0.04426
 21.0360   0.04463
 21.0410   0.04472
 21.0690   0.04514
 21.0830   0.04533
 21.0870   0.04540
 21.0910   0.04546
 21.0970   0.04556
 21.1070   0.04571
 21.1080   0.04572
 21.1360   0.04612
 21.1380   0.04614
 21.1390   0.04616
 21.1410   0.04619
 21.1440   0.04623
 21.2130   0.04715
 21.2250   0.04736
 21.2480   0.04769
 21.2530   0.04778
 21.2620   0.04792
 21.2740   0.04812
 21.2760   0.04816
 21.2970   0.04853
 21.2980   0.04855
 21.3120   0.04881
 21.3170   0.04891
 21.3180   0.04893
 21.3350   0.04927
 21.3390   0.04936
 21.3490   0.04956
 21.3620   0.04984
 21.3950   0.05056
 21.4030   0.05074
 21.4080   0.05084
 21.4190   0.05108
 21.4200   0.05110
 21.4260   0.05123
 21.4500   0.05177
 21.5120   0.05317
 21.5410   0.05377
 21.5490   0.05396
 21.5570   0.05414
 21.5660   0.05434
 21.5800   0.05463
 21.6230   0.05553
 21.6260   0.05559
 21.6360   0.05578
 21.6380   0.05582
 21.6400   0.05586
 21.6750   0.05659
 21.6980   0.05704
 21.7210   0.05752
 21.7390   0.05790
 21.7570   0.05827
 21.7940   0.05900
 21.7960   0.05904
 21.8090   0.05929
 21.8390   0.05985
 21.8670   0.06039
 21.8750   0.06054
 21.8830   0.06069
 21.9020   0.06104
 21.9200   0.06137
 21.9220   0.06141
 21.9250   0.06146
 21.9440   0.06180
 21.9490   0.06189
 21.9520   0.06194
 21.9590   0.06206
 21.9620   0.06210
 21.9650   0.06216
 21.9750   0.06232
 21.9980   0.06268
 22.0060   0.06278
 22.0250   0.06297
 22.0260   0.06297
 22.0330   0.06303
 22.0420   0.06308
 22.0490   0.06311
 22.0670   0.06323
 22.0880   0.06338
 22.0920   0.06337
 22.0940   0.06337
 22.1020   0.06336
 22.1280   0.06330
 22.1890   0.06309
 22.2210   0.06300
 22.2350   0.06297
 22.2430   0.06297
 22.2480   0.06296
 22.2530   0.06296
 22.2710   0.06297
 22.2740   0.06297
 22.2800   0.06298
 22.3190   0.06307
 22.3200   0.06307
 22.3400   0.06314
 22.3490   0.06318
 22.3520   0.06319
 22.3600   0.06323
 22.4150   0.06358
 22.4350   0.06376
 22.5400   0.06487
 22.6130   0.06584
 22.6520   0.06638
 22.6540   0.06640
 22.6980   0.06701
 22.7610   0.06786
 22.8060   0.06844
 22.8430   0.06890
 22.8720   0.06925
 22.8880   0.06944
 22.8930   0.06950
 23.0160   0.07089
 23.1880   0.07274
 23.2100   0.07297
 23.5160   0.07639
 23.6980   0.07863
 23.7500   0.07930
