 14.4390   0.02763
 14.6600   0.02813
 14.8640   0.02863
 15.1450   0.02935
 15.1770   0.02943
 15.2010   0.02949
 15.3230   0.02980
 15.3250   0.02980
 15.4640   0.03013
 15.6060   0.03044
 15.6170   0.03047
 15.6200   0.03047
 15.6540   0.03055
 15.7070   0.03065
 15.7230   0.03069
 15.7440   0.03073
 15.7790   0.03080
 15.8540   0.03094
 15.8800   0.03099
 16.0100   0.03124
 16.0360   0.03129
 16.0850   0.03139
 16.1390   0.03151
 16.1750   0.03159
 16.3350   0.03207
 16.3380   0.03208
 16.4530   0.03254
 16.4740   0.03264
 16.4950   0.03273
 16.5200   0.03285
 16.6400   0.03350
 16.7010   0.03380
 16.7560   0.03400
 16.7730   0.03405
 16.7860   0.03409
 16.8080   0.03413
 16.8430   0.03423
 16.8940   0.03432
 16.9260   0.03439
 16.9340   0.03441
 16.9560   0.03446
 16.9880   0.03453
 17.0130   0.03459
 17.0610   0.03470
 17.0720   0.03472
 17.0800   0.03474
 17.0850   0.03475
 17.1000   0.03479
 17.1490   0.03490
 17.2200   0.03508
 17.2220   0.03509
 17.2350   0.03512
 17.2440   0.03515
 17.2510   0.03517
 17.2630   0.03521
 17.2880   0.03529
 17.3030   0.03534
 17.3050   0.03534
 17.3070   0.03535
 17.3190   0.03538
 17.3390   0.03543
 17.3480   0.03545
 17.3520   0.03547
 17.3900   0.03555
 17.3920   0.03555
 17.4030   0.03557
 17.4170   0.03559
 17.4620   0.03563
 17.4810   0.03562
 17.4990   0.03561
 17.5030   0.03560
 17.5530   0.03563
 17.6060   0.03556
 17.6230   0.03556
 17.6480   0.03558
 17.6600   0.03558
 17.6660   0.03559
 17.6670   0.03559
 17.7020   0.03561
 17.7400   0.03558
 17.8480   0.03558
 17.8790   0.03559
 17.9130   0.03563
 17.9140   0.03563
 17.9450   0.03567
 17.9600   0.03571
 17.9620   0.03571
 17.9670   0.03572
 17.9870   0.03577
 18.0030   0.03580
 18.0140   0.03583
 18.0590   0.03594
 18.0670   0.03597
 18.0750   0.03600
 18.0810   0.03603
 18.1020   0.03614
 18.1070   0.03616
 18.1540   0.03622
 18.1670   0.03630
 18.1830   0.03637
 18.2040   0.03636
 18.2340   0.03655
 18.2560   0.03659
 18.2780   0.03657
 18.3110   0.03658
 18.3250   0.03662
 18.3350   0.03664
 18.3390   0.03666
 18.3630   0.03671
 18.3780   0.03676
 18.4030   0.03684
 18.4110   0.03686
 18.4600   0.03696
 18.4750   0.03702
 18.4810   0.03703
 18.5190   0.03713
 18.5200   0.03713
 18.5240   0.03713
 18.5330   0.03718
 18.5350   0.03719
 18.5460   0.03720
 18.5560   0.03721
 18.5730   0.03722
 18.5790   0.03722
 18.6170   0.03727
 18.6420   0.03747
 18.6560   0.03753
 18.6780   0.03764
 18.6850   0.03771
 18.6880   0.03774
 18.7170   0.03794
 18.7670   0.03817
 18.9450   0.03926
 18.9460   0.03927
 18.9530   0.03931
 18.9670   0.03941
 18.9850   0.03954
 18.9880   0.03956
 18.9890   0.03956
 18.9900   0.03957
 18.9970   0.03961
 19.0150   0.03974
 19.0170   0.03975
 19.0360   0.03988
 19.0810   0.04017
 19.0950   0.04027
 19.1300   0.04051
 19.1330   0.04054
 19.1340   0.04054
 19.1370   0.04056
 19.1490   0.04065
 19.1740   0.04083
 19.1950   0.04100
 19.2090   0.04110
 19.2390   0.04132
 19.2540   0.04143
 19.2600   0.04146
 19.2740   0.04156
 19.3910   0.04235
 19.3970   0.04236
 19.4160   0.04244
 19.4710   0.04259
 19.4740   0.04261
 19.4930   0.04265
 19.4960   0.04264
 19.4980   0.04264
 19.5080   0.04265
 19.5210   0.04266
 19.5250   0.04264
 19.5270   0.04264
 19.5410   0.04261
 19.5550   0.04269
 19.5580   0.04271
 19.5900   0.04282
 19.6070   0.04286
 19.6130   0.04282
 19.6150   0.04281
 19.6160   0.04280
 19.6220   0.04281
 19.6750   0.04284
 19.6860   0.04286
 19.7290   0.04293
 19.7370   0.04291
 19.7500   0.04285
 19.7640   0.04274
 19.7800   0.04255
 19.7950   0.04237
 19.8010   0.04230
 19.8080   0.04221
 19.8180   0.04210
 19.8200   0.04208
 19.8220   0.04205
 19.8610   0.04160
 19.9140   0.04100
 19.9160   0.04098
 19.9500   0.04061
 19.9850   0.04025
 20.0010   0.04009
 20.0100   0.04000
 20.0200   0.03990
 20.0370   0.03975
 20.0550   0.03958
 20.0620   0.03951
 20.0740   0.03940
 20.0840   0.03931
 20.0960   0.03922
 20.1020   0.03917
 20.1170   0.03903
 20.1200   0.03900
 20.1430   0.03878
 20.1740   0.03848
 20.1920   0.03829
 20.1980   0.03822
 20.2120   0.03812
 20.2670   0.03789
 20.2690   0.03788
 20.2830   0.03790
 20.2850   0.03791
 20.3350   0.03799
 20.3380   0.03801
 20.3450   0.03798
 20.3580   0.03793
 20.3750   0.03792
 20.4070   0.03820
 20.4230   0.03832
 20.4530   0.03835
 20.4930   0.03840
 20.5070   0.03848
 20.5140   0.03849
 20.5200   0.03857
 20.5320   0.03863
 20.5570   0.03895
 20.5840   0.03935
 20.5860   0.03939
 20.5980   0.03959
 20.6020   0.03967
 20.6320   0.04020
 20.6500   0.04059
 20.6520   0.04063
 20.6840   0.04111
 20.6930   0.04132
 20.7100   0.04153
 20.7120   0.04155
 20.7240   0.04173
 20.7330   0.04185
 20.7670   0.04264
 20.7730   0.04279
 20.7770   0.04287
 20.7970   0.04324
 20.8140   0.04356
 20.8180   0.04364
 20.8210   0.04371
 20.8320   0.04393
 20.8450   0.04420
 20.8500   0.04433
 20.8820   0.04505
 20.8830   0.04507
 20.8870   0.04516
 20.8900   0.04522
 20.8920   0.04527
 20.9230   0.04595
 20.9240   0.04597
 20.9260   0.04601
 20.9270   0.04603
 20.9400   0.04634
 20.9440   0.04643
 20.9640   0.04683
 20.9650   0.04685
 20.9700   0.04696
 21.0150   0.04779
 21.0340   0.04825
 21.0530   0.04863
 21.0620   0.04881
 21.0740   0.04911
 21.1070   0.04980
 21.1200   0.05009
 21.1250   0.05021
 21.1260   0.05023
 21.1650   0.05125
 21.1710   0.05141
 21.2030   0.05229
 21.2440   0.05349
 21.2560   0.05383
 21.2650   0.05411
 21.2700   0.05426
 21.2800   0.05456
 21.2930   0.05493
 21.2970   0.05504
 21.3650   0.05675
 21.3930   0.05744
 21.4250   0.05809
 21.4420   0.05842
 21.4530   0.05861
 21.4690   0.05889
 21.4890   0.05917
 21.5070   0.05939
 21.5260   0.05976
 21.5280   0.05980
 21.5290   0.05982
 21.5990   0.06049
 21.6100   0.06062
 21.6120   0.06066
 21.6130   0.06067
 21.6210   0.06078
 21.6240   0.06080
 21.6400   0.06095
 21.6440   0.06097
 21.6680   0.06113
 21.6780   0.06125
 21.6860   0.06131
 21.6970   0.06138
 21.6990   0.06139
 21.7100   0.06147
 21.7120   0.06148
 21.7400   0.06173
 21.7880   0.06232
 21.7910   0.06236
 21.8030   0.06254
 21.8060   0.06258
 21.8070   0.06260
 21.8100   0.06265
 21.8310   0.06299
 21.8330   0.06302
 21.8350   0.06305
 21.8430   0.06319
 21.8890   0.06399
 21.9510   0.06521
 21.9580   0.06535
 21.9650   0.06550
 21.9740   0.06568
 22.0210   0.06667
 22.0830   0.06798
 22.1610   0.06960
 22.2030   0.07042
 22.2050   0.07046
 22.2170   0.07068
 22.2790   0.07171
 22.3140   0.07223
 22.3210   0.07233
 22.3420   0.07263
 22.4130   0.07355
 22.4150   0.07358
 22.4290   0.07375
 22.5550   0.07531
 22.5750   0.07554
 22.6420   0.07636
 22.6600   0.07658
 23.0190   0.08145
 23.5050   0.08864
 24.1460   0.09749
