 14.1430   0.02639
 14.2810   0.02681
 14.4670   0.02744
 14.8950   0.02905
 14.9570   0.02929
 14.9670   0.02933
 15.0360   0.02959
 15.0520   0.02965
 15.1960   0.03019
 15.2710   0.03045
 15.3300   0.03066
 15.3370   0.03068
 15.3870   0.03085
 15.4500   0.03106
 15.4530   0.03107
 15.4970   0.03121
 15.5300   0.03131
 15.6040   0.03153
 15.6530   0.03168
 15.6960   0.03180
 15.7880   0.03208
 15.8490   0.03227
 15.8580   0.03230
 15.8640   0.03232
 16.0230   0.03298
 16.0430   0.03309
 16.0800   0.03330
 16.1470   0.03373
 16.1550   0.03378
 16.1840   0.03393
 16.2170   0.03415
 16.3900   0.03543
 16.4830   0.03619
 16.4860   0.03622
 16.5360   0.03658
 16.5540   0.03667
 16.6080   0.03705
 16.6110   0.03706
 16.6230   0.03710
 16.6600   0.03734
 16.6800   0.03749
 16.7170   0.03775
 16.7660   0.03805
 16.7780   0.03811
 16.8120   0.03823
 16.8470   0.03836
 16.8610   0.03841
 16.8630   0.03841
 16.9260   0.03859
 16.9420   0.03864
 16.9610   0.03870
 16.9710   0.03873
 16.9800   0.03875
 17.0030   0.03883
 17.0120   0.03886
 17.0170   0.03887
 17.0260   0.03890
 17.0470   0.03897
 17.0630   0.03903
 17.0770   0.03907
 17.0790   0.03908
 17.0960   0.03913
 17.1000   0.03913
 17.1220   0.03920
 17.1520   0.03927
 17.1640   0.03929
 17.1670   0.03929
 17.1710   0.03929
 17.1720   0.03929
 17.1920   0.03931
 17.2260   0.03938
 17.2450   0.03942
 17.2580   0.03942
 17.2620   0.03944
 17.2810   0.03958
 17.2970   0.03961
 17.3020   0.03962
 17.3630   0.04003
 17.3780   0.04009
 17.3870   0.04016
 17.4040   0.04028
 17.4160   0.04035
 17.4190   0.04038
 17.4230   0.04042
 17.4260   0.04045
 17.4900   0.04087
 17.6130   0.04178
 17.6710   0.04224
 17.6740   0.04227
 17.6860   0.04238
 17.6910   0.04242
 17.7120   0.04257
 17.7250   0.04266
 17.7320   0.04270
 17.7360   0.04273
 17.7520   0.04284
 17.7860   0.04310
 17.8210   0.04347
 17.8270   0.04353
 17.8290   0.04354
 17.8320   0.04357
 17.8400   0.04365
 17.9130   0.04436
 17.9250   0.04449
 17.9660   0.04489
 17.9920   0.04504
 17.9940   0.04505
 18.0170   0.04528
 18.0200   0.04530
 18.0870   0.04590
 18.0890   0.04593
 18.1060   0.04612
 18.1370   0.04638
 18.1480   0.04645
 18.1490   0.04646
 18.2160   0.04710
 18.2200   0.04713
 18.2240   0.04717
 18.2490   0.04740
 18.2670   0.04757
 18.2720   0.04761
 18.2850   0.04772
 18.3010   0.04786
 18.3130   0.04797
 18.3150   0.04799
 18.3160   0.04800
 18.3490   0.04830
 18.3650   0.04844
 18.3740   0.04856
 18.3980   0.04892
 18.3990   0.04893
 18.4050   0.04899
 18.4290   0.04933
 18.4390   0.04945
 18.4860   0.05014
 18.5330   0.05070
 18.5770   0.05118
 18.6090   0.05156
 18.6710   0.05243
 18.6730   0.05246
 18.6800   0.05256
 18.7050   0.05289
 18.7130   0.05299
 18.7190   0.05306
 18.7270   0.05315
 18.7390   0.05329
 18.7490   0.05340
 18.7550   0.05346
 18.7570   0.05349
 18.7580   0.05350
 18.7630   0.05355
 18.8190   0.05406
 18.8590   0.05441
 18.8610   0.05443
 18.8870   0.05465
 18.9020   0.05474
 18.9080   0.05475
 18.9110   0.05476
 18.9360   0.05488
 19.0170   0.05530
 19.0520   0.05548
 19.0740   0.05566
 19.1140   0.05596
 19.1190   0.05598
 19.1230   0.05600
 19.1300   0.05604
 19.1330   0.05606
 19.1450   0.05619
 19.1620   0.05639
 19.2070   0.05692
 19.2120   0.05697
 19.2340   0.05716
 19.2540   0.05735
 19.2560   0.05737
 19.2580   0.05739
 19.2690   0.05756
 19.2860   0.05784
 19.3090   0.05808
 19.3120   0.05811
 19.3170   0.05818
 19.3230   0.05828
 19.3370   0.05845
 19.3580   0.05873
 19.4350   0.05944
 19.4510   0.05960
 19.4780   0.05981
 19.4790   0.05981
 19.4830   0.05981
 19.4950   0.05986
 19.5100   0.05992
 19.5410   0.05996
 19.5600   0.05993
 19.5660   0.05991
 19.5740   0.05989
 19.5790   0.05988
 19.5890   0.05984
 19.5960   0.05982
 19.6260   0.05970
 19.6270   0.05969
 19.6410   0.05963
 19.6660   0.05953
 19.6770   0.05948
 19.6950   0.05940
 19.7110   0.05932
 19.7370   0.05925
 19.7500   0.05924
 19.7590   0.05919
 19.7650   0.05919
 19.7770   0.05916
 19.7860   0.05917
 19.7940   0.05916
 19.8370   0.05896
 19.8630   0.05890
 19.8800   0.05895
 19.8870   0.05898
 19.8920   0.05899
 19.9240   0.05925
 19.9380   0.05942
 19.9630   0.05977
 19.9650   0.05979
 19.9880   0.06012
 19.9940   0.06026
 20.0490   0.06138
 20.0620   0.06166
 20.0710   0.06182
 20.0760   0.06191
 20.0780   0.06194
 20.0800   0.06200
 20.1440   0.06382
 20.2020   0.06528
 20.2050   0.06534
 20.2350   0.06594
 20.2530   0.06626
 20.2550   0.06631
 20.2620   0.06644
 20.2710   0.06664
 20.2810   0.06680
 20.3230   0.06764
 20.3660   0.06839
 20.3740   0.06859
 20.3980   0.06910
 20.4040   0.06927
 20.4130   0.06953
 20.4150   0.06957
 20.4240   0.06974
 20.4290   0.06989
 20.4330   0.06999
 20.4390   0.07009
 20.4830   0.07123
 20.4900   0.07137
 20.5050   0.07184
 20.5200   0.07243
 20.5230   0.07254
 20.5320   0.07275
 20.5390   0.07291
 20.5610   0.07368
 20.5690   0.07395
 20.5940   0.07479
 20.6340   0.07644
 20.6500   0.07710
 20.6640   0.07764
 20.6680   0.07782
 20.6710   0.07795
 20.6720   0.07800
 20.6800   0.07833
 20.6910   0.07881
 20.6970   0.07908
 20.7110   0.07971
 20.7140   0.07985
 20.7160   0.07994
 20.7220   0.08021
 20.7540   0.08172
 20.7560   0.08182
 20.7930   0.08349
 20.8040   0.08402
 20.8070   0.08417
 20.8140   0.08450
 20.8220   0.08489
 20.8360   0.08556
 20.8470   0.08607
 20.9410   0.09030
 20.9710   0.09165
 21.0090   0.09351
 21.0160   0.09380
 21.0230   0.09409
 21.0590   0.09582
 21.0720   0.09649
 21.0770   0.09675
 21.0910   0.09747
 21.1140   0.09868
 21.1250   0.09925
 21.1300   0.09948
 21.1420   0.10008
 21.1540   0.10067
 21.1670   0.10128
 21.1930   0.10256
 21.2000   0.10293
 21.2020   0.10302
 21.2130   0.10352
 21.2480   0.10525
 21.2530   0.10548
 21.2670   0.10617
 21.2980   0.10760
 21.3010   0.10774
 21.3120   0.10820
 21.3220   0.10860
 21.3680   0.11024
 21.3690   0.11028
 21.3950   0.11114
 21.4100   0.11164
 21.4150   0.11181
 21.4160   0.11185
 21.4370   0.11254
 21.4740   0.11379
 21.4920   0.11432
 21.5060   0.11470
 21.5080   0.11475
 21.5130   0.11488
 21.5210   0.11508
 21.5410   0.11554
 21.5570   0.11588
 21.6040   0.11680
 21.6180   0.11703
 21.6240   0.11713
 21.6250   0.11714
 21.6280   0.11719
 21.6290   0.11720
 21.6320   0.11724
 21.6500   0.11749
 21.6540   0.11754
 21.6630   0.11765
 21.6790   0.11782
 21.7040   0.11806
 21.7260   0.11824
 21.8100   0.11875
 21.8290   0.11884
 21.9960   0.11911
 21.9970   0.11910
 22.0050   0.11906
 22.0270   0.11890
 22.0360   0.11883
 22.0770   0.11842
 22.0970   0.11818
 22.1140   0.11797
 22.1400   0.11762
 22.1900   0.11693
 22.4060   0.11437
 22.4580   0.11387
 22.4950   0.11354
 22.5040   0.11346
 22.7330   0.11151
 23.3040   0.10562
 23.5930   0.10202
