  8.3370   0.02097
  9.8860   0.02360
  9.9310   0.02368
 10.2640   0.02423
 10.8170   0.02509
 11.2250   0.02569
 11.4770   0.02605
 11.5800   0.02620
 11.6260   0.02626
 11.8540   0.02659
 11.8770   0.02662
 11.9320   0.02670
 12.0860   0.02693
 12.1440   0.02702
 12.5700   0.02777
 12.7000   0.02806
 12.8940   0.02854
 12.9320   0.02865
 13.1570   0.02926
 13.3160   0.02971
 13.4010   0.02994
 13.6390   0.03055
 13.7040   0.03071
 13.8350   0.03101
 13.9110   0.03119
 13.9780   0.03134
 14.1050   0.03163
 14.1290   0.03168
 14.4500   0.03234
 14.5220   0.03249
 14.5310   0.03250
 14.5660   0.03255
 14.6600   0.03271
 14.7200   0.03281
 14.7610   0.03289
 14.7710   0.03291
 14.8680   0.03305
 14.9030   0.03318
 14.9450   0.03330
 15.0130   0.03348
 15.1410   0.03382
 15.1490   0.03384
 15.2080   0.03400
 15.3150   0.03435
 15.3160   0.03435
 15.5300   0.03519
 15.5320   0.03520
 15.5840   0.03537
 15.5860   0.03538
 15.6490   0.03560
 15.7050   0.03578
 15.7610   0.03596
 15.7620   0.03597
 15.8330   0.03619
 15.9380   0.03662
 15.9540   0.03669
 16.1270   0.03761
 16.1810   0.03796
 16.2250   0.03822
 16.2320   0.03827
 16.2710   0.03853
 16.2940   0.03870
 16.3020   0.03876
 16.3730   0.03936
 16.4320   0.03989
 16.4350   0.03992
 16.4580   0.04015
 16.4750   0.04034
 16.4920   0.04054
 16.5820   0.04149
 16.7020   0.04285
 16.7040   0.04287
 16.7340   0.04321
 16.7720   0.04363
 16.7860   0.04378
 16.8180   0.04409
 16.8210   0.04412
 16.8290   0.04420
 16.8950   0.04484
 16.9250   0.04510
 16.9660   0.04545
 16.9820   0.04557
 16.9870   0.04561
 17.0040   0.04573
 17.0150   0.04580
 17.0410   0.04601
 17.0860   0.04630
 17.1260   0.04656
 17.1280   0.04657
 17.1580   0.04672
 17.2070   0.04708
 17.2190   0.04714
 17.2420   0.04729
 17.2600   0.04738
 17.2810   0.04749
 17.2880   0.04752
 17.2980   0.04760
 17.3100   0.04773
 17.3150   0.04779
 17.3170   0.04780
 17.3410   0.04800
 17.3480   0.04803
 17.3550   0.04807
 17.3570   0.04808
 17.3610   0.04810
 17.3640   0.04812
 17.4170   0.04841
 17.4630   0.04874
 17.4710   0.04880
 17.4730   0.04881
 17.4910   0.04903
 17.5330   0.04961
 17.5340   0.04962
 17.5450   0.04972
 17.5660   0.04998
 17.5720   0.05007
 17.6090   0.05052
 17.6380   0.05085
 17.6450   0.05094
 17.6940   0.05160
 17.7210   0.05199
 17.7470   0.05238
 17.7540   0.05248
 17.7570   0.05252
 17.7690   0.05270
 17.8150   0.05343
 17.8570   0.05413
 17.8580   0.05415
 17.8790   0.05452
 17.9150   0.05517
 17.9390   0.05561
 17.9870   0.05657
 17.9940   0.05671
 18.0150   0.05713
 18.0240   0.05731
 18.0260   0.05735
 18.0280   0.05739
 18.0510   0.05786
 18.0700   0.05824
 18.0790   0.05841
 18.0890   0.05862
 18.0990   0.05882
 18.1030   0.05891
 18.1300   0.05948
 18.1360   0.05960
 18.1630   0.06015
 18.1990   0.06085
 18.2310   0.06150
 18.2510   0.06190
 18.2790   0.06241
 18.3190   0.06320
 18.3250   0.06328
 18.3310   0.06337
 18.3710   0.06403
 18.3960   0.06442
 18.4010   0.06450
 18.4060   0.06458
 18.4150   0.06472
 18.4400   0.06511
 18.4490   0.06525
 18.4630   0.06547
 18.4760   0.06567
 18.4870   0.06584
 18.5010   0.06606
 18.5110   0.06622
 18.5170   0.06631
 18.5490   0.06685
 18.5600   0.06701
 18.5660   0.06709
 18.5900   0.06745
 18.5920   0.06748
 18.6260   0.06799
 18.6380   0.06816
 18.6500   0.06832
 18.6920   0.06902
 18.7140   0.06944
 18.7170   0.06948
 18.7240   0.06958
 18.7460   0.07002
 18.8350   0.07164
 18.8800   0.07255
 18.8920   0.07278
 18.9050   0.07304
 18.9110   0.07316
 18.9140   0.07322
 18.9310   0.07358
 18.9330   0.07363
 18.9340   0.07365
 18.9600   0.07419
 18.9830   0.07469
 18.9950   0.07494
 19.0350   0.07583
 19.0530   0.07616
 19.0570   0.07626
 19.0590   0.07631
 19.0610   0.07636
 19.0990   0.07703
 19.1640   0.07820
 19.2650   0.07983
 19.2740   0.07997
 19.2750   0.07999
 19.2870   0.08014
 19.2980   0.08030
 19.3120   0.08050
 19.3590   0.08106
 19.3790   0.08132
 19.3880   0.08144
 19.4190   0.08188
 19.4220   0.08192
 19.4270   0.08199
 19.4580   0.08249
 19.4930   0.08307
 19.5150   0.08343
 19.5390   0.08386
 19.5660   0.08437
 19.6000   0.08507
 19.6020   0.08511
 19.6030   0.08513
 19.6050   0.08518
 19.6160   0.08536
 19.6320   0.08568
 19.6760   0.08652
 19.6780   0.08656
 19.7100   0.08719
 19.7180   0.08736
 19.7320   0.08766
 19.7440   0.08791
 19.7540   0.08813
 19.7620   0.08829
 19.7690   0.08844
 19.7740   0.08855
 19.7980   0.08907
 19.8160   0.08946
 19.8190   0.08953
 19.8220   0.08959
 19.8510   0.09022
 19.9030   0.09128
 19.9140   0.09149
 19.9330   0.09186
 19.9350   0.09190
 19.9450   0.09209
 19.9670   0.09250
 19.9740   0.09263
 19.9870   0.09287
 19.9880   0.09288
 19.9900   0.09292
 20.0280   0.09358
 20.0340   0.09370
 20.0380   0.09376
 20.0620   0.09417
 20.0680   0.09429
 20.1000   0.09481
 20.1090   0.09495
 20.1290   0.09531
 20.1400   0.09549
 20.1430   0.09553
 20.1600   0.09579
 20.1790   0.09609
 20.1850   0.09619
 20.1950   0.09635
 20.2180   0.09671
 20.2190   0.09673
 20.2300   0.09690
 20.2430   0.09711
 20.2490   0.09719
 20.2630   0.09742
 20.2900   0.09787
 20.3030   0.09811
 20.3160   0.09830
 20.3190   0.09835
 20.3480   0.09881
 20.3820   0.09948
 20.4040   0.09993
 20.4570   0.10108
 20.4760   0.10150
 20.4850   0.10172
 20.5110   0.10236
 20.5440   0.10308
 20.5530   0.10328
 20.5580   0.10340
 20.5660   0.10359
 20.5680   0.10364
 20.6190   0.10490
 20.6260   0.10507
 20.6620   0.10593
 20.6930   0.10662
 20.7120   0.10702
 20.7130   0.10704
 20.7240   0.10725
 20.7270   0.10731
 20.7350   0.10746
 20.7360   0.10748
 20.7430   0.10760
 20.7660   0.10799
 20.7720   0.10808
 20.7900   0.10833
 20.7950   0.10840
 20.8060   0.10855
 20.8140   0.10864
 20.8330   0.10882
 20.8490   0.10892
 20.8590   0.10897
 20.8730   0.10906
 20.8780   0.10908
 20.9050   0.10909
 20.9090   0.10910
 20.9200   0.10916
 20.9640   0.10918
 20.9670   0.10918
 20.9750   0.10916
 20.9990   0.10923
 21.0020   0.10924
 21.0090   0.10921
 21.0100   0.10921
 21.0520   0.10917
 21.1040   0.10913
 21.1220   0.10898
 21.1250   0.10895
 21.1490   0.10890
 21.1640   0.10882
 21.1760   0.10875
 21.2000   0.10873
 21.2290   0.10862
 21.3180   0.10848
 21.3230   0.10846
 21.3290   0.10843
 21.3440   0.10836
 21.3530   0.10833
 21.3680   0.10831
 21.3740   0.10831
 21.3950   0.10827
 21.4160   0.10828
 21.4260   0.10831
 21.4490   0.10835
 21.4840   0.10850
 21.4900   0.10852
 21.5100   0.10860
 21.5240   0.10868
 21.5270   0.10870
 21.5280   0.10871
 21.5560   0.10883
 21.5570   0.10884
 21.5690   0.10889
 21.5810   0.10903
 21.5820   0.10904
 21.5970   0.10924
 21.6220   0.10944
 21.6350   0.10964
 21.6390   0.10968
 21.6540   0.10978
 21.6680   0.11006
 21.6770   0.11025
 21.6830   0.11038
 21.7110   0.11105
 21.7260   0.11143
 21.7990   0.11347
 21.8170   0.11399
 21.8790   0.11578
 21.8850   0.11596
 21.9080   0.11662
 21.9430   0.11746
 21.9570   0.11786
 21.9610   0.11798
 21.9720   0.11826
 21.9730   0.11829
 21.9880   0.11873
 21.9990   0.11905
 22.0270   0.11982
 22.0470   0.12036
 22.0610   0.12073
 22.0620   0.12076
 22.0780   0.12116
 22.1220   0.12224
 22.1280   0.12238
 22.1620   0.12315
 22.1860   0.12365
 22.1870   0.12367
 22.2230   0.12437
 22.2260   0.12442
 22.2300   0.12449
 22.2790   0.12534
 22.2960   0.12562
 22.3070   0.12579
 22.3150   0.12592
 22.4230   0.12756
 22.4920   0.12861
 22.5070   0.12884
 22.6140   0.13058
 22.6250   0.13076
 22.6720   0.13158
 22.7490   0.13297
 22.7610   0.13319
 22.7890   0.13372
 23.3440   0.15741
 23.3880   0.16083
 23.4620   0.16662
 23.6600   0.18160
 25.3250   0.28464
