  7.9340   0.04720
  9.4690   0.03981
  9.5490   0.03945
  9.9370   0.03773
 10.4760   0.03533
 10.7500   0.03409
 11.1040   0.03248
 11.2640   0.03175
 11.3710   0.03126
 11.4900   0.03073
 11.5720   0.03037
 11.5820   0.03032
 11.7540   0.02960
 11.7580   0.02958
 12.1270   0.02823
 12.3100   0.02775
 12.3670   0.02764
 12.6000   0.02734
 12.6500   0.02731
 12.8570   0.02722
 13.0160   0.02716
 13.1430   0.02711
 13.3330   0.02705
 13.4690   0.02700
 13.5800   0.02702
 13.5880   0.02703
 13.7350   0.02697
 13.7970   0.02693
 13.8000   0.02693
 14.2140   0.02652
 14.2760   0.02649
 14.3190   0.02648
 14.3930   0.02649
 14.4390   0.02654
 14.5100   0.02665
 14.5430   0.02670
 14.6250   0.02687
 14.6670   0.02698
 14.6850   0.02703
 14.7850   0.02731
 14.8710   0.02758
 14.9650   0.02790
 15.0070   0.02804
 15.0410   0.02815
 15.0590   0.02820
 15.2650   0.02879
 15.2890   0.02886
 15.3380   0.02897
 15.3950   0.02910
 15.4190   0.02914
 15.4270   0.02916
 15.4530   0.02921
 15.5110   0.02930
 15.5960   0.02950
 15.6020   0.02951
 15.6660   0.02963
 15.8080   0.02999
 15.8500   0.03016
 15.9940   0.03070
 16.0000   0.03072
 16.0060   0.03074
 16.0570   0.03094
 16.0760   0.03101
 16.0840   0.03104
 16.0970   0.03109
 16.1080   0.03113
 16.1480   0.03128
 16.1850   0.03143
 16.2300   0.03163
 16.3250   0.03207
 16.5170   0.03311
 16.5200   0.03313
 16.5750   0.03346
 16.6250   0.03379
 16.6780   0.03417
 16.6940   0.03426
 16.6960   0.03427
 16.6970   0.03428
 16.7070   0.03434
 16.7120   0.03437
 16.7540   0.03464
 16.7960   0.03492
 16.8030   0.03496
 16.8110   0.03501
 16.8160   0.03504
 16.8520   0.03525
 16.8660   0.03533
 16.9090   0.03555
 16.9380   0.03569
 16.9940   0.03597
 17.0010   0.03601
 17.0030   0.03602
 17.0080   0.03605
 17.0740   0.03633
 17.0760   0.03634
 17.1090   0.03647
 17.1280   0.03653
 17.1420   0.03658
 17.1440   0.03660
 17.1670   0.03668
 17.1780   0.03671
 17.2220   0.03686
 17.2320   0.03689
 17.2680   0.03704
 17.2700   0.03704
 17.2870   0.03712
 17.2990   0.03718
 17.3150   0.03729
 17.3420   0.03752
 17.3720   0.03773
 17.3770   0.03778
 17.3790   0.03780
 17.4160   0.03812
 17.4170   0.03813
 17.4210   0.03818
 17.4640   0.03856
 17.4790   0.03868
 17.5030   0.03889
 17.5060   0.03892
 17.6020   0.03978
 17.6510   0.04019
 17.6740   0.04043
 17.6840   0.04058
 17.6890   0.04066
 17.7100   0.04091
 17.7470   0.04143
 17.7620   0.04161
 17.7630   0.04163
 17.7640   0.04164
 17.8050   0.04218
 17.8160   0.04234
 17.8270   0.04251
 17.8330   0.04260
 17.8430   0.04275
 17.8590   0.04298
 17.8780   0.04323
 17.9100   0.04368
 17.9190   0.04380
 17.9200   0.04382
 17.9860   0.04463
 18.0050   0.04490
 18.0390   0.04533
 18.0760   0.04576
 18.1370   0.04643
 18.1440   0.04650
 18.1450   0.04651
 18.1660   0.04671
 18.1980   0.04708
 18.2180   0.04727
 18.2340   0.04744
 18.2410   0.04751
 18.2530   0.04763
 18.2670   0.04778
 18.2760   0.04787
 18.2990   0.04811
 18.3490   0.04864
 18.3580   0.04874
 18.3600   0.04876
 18.3940   0.04912
 18.4060   0.04925
 18.4230   0.04944
 18.4350   0.04958
 18.4500   0.04975
 18.5020   0.05036
 18.5200   0.05057
 18.5500   0.05094
 18.5810   0.05132
 18.5960   0.05151
 18.6000   0.05156
 18.6060   0.05164
 18.6120   0.05171
 18.6250   0.05187
 18.6270   0.05190
 18.6580   0.05233
 18.6790   0.05264
 18.6850   0.05273
 18.7110   0.05311
 18.7290   0.05335
 18.7320   0.05338
 18.7690   0.05379
 18.7740   0.05384
 18.7860   0.05398
 18.7950   0.05407
 18.8210   0.05428
 18.8330   0.05436
 18.8710   0.05466
 18.9230   0.05490
 18.9250   0.05491
 18.9290   0.05494
 18.9670   0.05511
 18.9690   0.05511
 18.9890   0.05518
 19.0400   0.05539
 19.0430   0.05540
 19.0700   0.05545
 19.0900   0.05545
 19.1010   0.05543
 19.1590   0.05544
 19.1680   0.05543
 19.1740   0.05541
 19.1790   0.05543
 19.1970   0.05541
 19.2540   0.05535
 19.3000   0.05518
 19.3060   0.05519
 19.3260   0.05513
 19.3390   0.05509
 19.3730   0.05501
 19.4110   0.05503
 19.4130   0.05503
 19.4210   0.05505
 19.4270   0.05506
 19.4380   0.05502
 19.4440   0.05501
 19.4660   0.05504
 19.4810   0.05506
 19.4910   0.05509
 19.5020   0.05513
 19.5250   0.05517
 19.5300   0.05517
 19.5580   0.05524
 19.5590   0.05524
 19.5920   0.05531
 19.6330   0.05544
 19.6390   0.05546
 19.6470   0.05549
 19.7180   0.05574
 19.7290   0.05580
 19.7360   0.05584
 19.7530   0.05587
 19.7670   0.05590
 19.7700   0.05592
 19.7750   0.05594
 19.7770   0.05594
 19.7860   0.05593
 19.8110   0.05603
 19.8220   0.05609
 19.8360   0.05616
 19.8420   0.05617
 19.8730   0.05624
 19.8930   0.05631
 19.8940   0.05631
 19.9020   0.05630
 19.9120   0.05630
 19.9360   0.05628
 19.9630   0.05632
 19.9760   0.05638
 19.9830   0.05644
 19.9860   0.05647
 19.9960   0.05658
 20.0080   0.05672
 20.0330   0.05699
 20.0340   0.05700
 20.0460   0.05710
 20.0700   0.05727
 20.1460   0.05807
 20.1830   0.05841
 20.1970   0.05865
 20.2010   0.05875
 20.2190   0.05909
 20.2280   0.05931
 20.2310   0.05939
 20.2690   0.05980
 20.2820   0.06013
 20.2860   0.06024
 20.3000   0.06042
 20.3460   0.06136
 20.3630   0.06184
 20.3940   0.06269
 20.4440   0.06435
 20.4510   0.06461
 20.4580   0.06489
 20.4590   0.06493
 20.4960   0.06621
 20.4980   0.06626
 20.5050   0.06645
 20.5080   0.06654
 20.5130   0.06675
 20.5300   0.06729
 20.5480   0.06786
 20.5590   0.06830
 20.5800   0.06917
 20.6160   0.07055
 20.6680   0.07249
 20.6770   0.07279
 20.7030   0.07379
 20.7200   0.07439
 20.7230   0.07450
 20.7400   0.07514
 20.7430   0.07525
 20.7440   0.07530
 20.7850   0.07698
 20.8030   0.07775
 20.8130   0.07817
 20.8180   0.07838
 20.8410   0.07933
 20.8630   0.08022
 20.8930   0.08146
 20.9130   0.08228
 20.9150   0.08236
 20.9400   0.08337
 20.9500   0.08377
 20.9550   0.08398
 20.9560   0.08402
 20.9670   0.08447
 20.9700   0.08459
 20.9750   0.08479
 21.0890   0.08954
 21.1200   0.09089
 21.1470   0.09208
 21.1480   0.09213
 21.1710   0.09311
 21.2070   0.09471
 21.2140   0.09502
 21.2230   0.09542
 21.2350   0.09595
 21.2480   0.09655
 21.2860   0.09837
 21.2880   0.09847
 21.3000   0.09908
 21.3190   0.10008
 21.3280   0.10057
 21.3300   0.10068
 21.3360   0.10103
 21.3760   0.10321
 21.4090   0.10533
 21.4880   0.11093
 21.5060   0.11228
 21.5380   0.11430
 21.5420   0.11454
 21.5480   0.11495
 21.5620   0.11603
 21.5660   0.11629
 21.5700   0.11653
 21.5760   0.11697
 21.5770   0.11705
 21.6020   0.11899
 21.6350   0.12157
 21.6510   0.12283
 21.7010   0.12672
 21.7220   0.12825
 21.7340   0.12921
 21.7360   0.12937
 21.7460   0.13017
 21.7490   0.13041
 21.7570   0.13105
 21.7730   0.13233
 21.7840   0.13321
 21.7920   0.13384
 21.8870   0.14128
 21.8940   0.14182
 21.8990   0.14220
 21.9060   0.14274
 21.9110   0.14313
 21.9730   0.14782
 21.9810   0.14844
 21.9990   0.14983
 22.0000   0.14990
 22.0020   0.15006
 22.0260   0.15190
 22.0390   0.15290
 22.0750   0.15566
 22.0920   0.15697
 22.1440   0.16099
 22.2160   0.16656
 22.2260   0.16734
 22.2390   0.16836
 22.2680   0.17062
 22.2970   0.17290
 22.2980   0.17298
 22.3000   0.17314
 22.3310   0.17559
 22.3350   0.17590
 22.3520   0.17725
 22.3550   0.17749
 22.3820   0.17965
 22.4190   0.18262
 22.4660   0.18642
 22.4720   0.18691
 22.5650   0.19453
 22.7330   0.20857
 22.7430   0.20942
 22.7800   0.21255
 23.0290   0.23389
 23.4680   0.27168
 23.7290   0.29410
 23.8000   0.30018
 25.3460   0.43096
