  7.5580   0.04059
  9.1620   0.03694
  9.1890   0.03689
  9.7480   0.03586
 10.2520   0.03496
 10.5000   0.03451
 10.7420   0.03404
 11.0460   0.03343
 11.1320   0.03325
 11.1470   0.03322
 11.3640   0.03276
 11.4180   0.03264
 11.4210   0.03264
 11.5180   0.03243
 11.7760   0.03192
 12.0390   0.03148
 12.3450   0.03123
 12.3970   0.03122
 12.6420   0.03130
 12.6530   0.03130
 12.8160   0.03143
 13.0450   0.03182
 13.1470   0.03209
 13.1800   0.03219
 13.3660   0.03278
 13.4120   0.03292
 13.5650   0.03331
 13.6220   0.03347
 13.6890   0.03359
 14.0600   0.03391
 14.0990   0.03392
 14.1670   0.03401
 14.1680   0.03401
 14.1760   0.03402
 14.2460   0.03408
 14.3390   0.03430
 14.4570   0.03470
 14.4880   0.03484
 14.6430   0.03558
 14.7000   0.03580
 14.7670   0.03612
 14.7940   0.03625
 14.9340   0.03701
 14.9510   0.03712
 15.0810   0.03807
 15.1090   0.03829
 15.1430   0.03855
 15.2790   0.03961
 15.3080   0.03983
 15.3250   0.03995
 15.4160   0.04060
 15.4180   0.04061
 15.4280   0.04068
 15.5780   0.04174
 15.5990   0.04191
 15.7110   0.04283
 15.7600   0.04329
 15.7850   0.04354
 15.8460   0.04414
 15.8990   0.04469
 15.9000   0.04470
 15.9220   0.04494
 15.9460   0.04521
 15.9600   0.04536
 15.9680   0.04545
 15.9910   0.04571
 16.0200   0.04603
 16.0590   0.04646
 16.0610   0.04648
 16.0950   0.04685
 16.1350   0.04722
 16.2630   0.04856
 16.3680   0.04970
 16.4350   0.05047
 16.4370   0.05049
 16.5290   0.05145
 16.5360   0.05151
 16.5860   0.05186
 16.6610   0.05241
 16.6620   0.05242
 16.7000   0.05266
 16.7010   0.05267
 16.7060   0.05270
 16.7110   0.05272
 16.7230   0.05279
 16.7490   0.05291
 16.7520   0.05292
 16.7660   0.05299
 16.8180   0.05331
 16.8850   0.05355
 16.9390   0.05399
 16.9600   0.05409
 16.9690   0.05412
 16.9710   0.05413
 16.9980   0.05436
 17.0130   0.05457
 17.0320   0.05471
 17.0390   0.05475
 17.0570   0.05485
 17.0990   0.05513
 17.1080   0.05527
 17.1190   0.05538
 17.1220   0.05542
 17.1260   0.05545
 17.1310   0.05549
 17.1370   0.05554
 17.1510   0.05565
 17.1700   0.05582
 17.1790   0.05593
 17.1880   0.05607
 17.2050   0.05626
 17.2270   0.05658
 17.2680   0.05723
 17.3100   0.05800
 17.3200   0.05819
 17.3340   0.05848
 17.3450   0.05868
 17.3490   0.05876
 17.3950   0.05972
 17.4080   0.05998
 17.4360   0.06053
 17.4770   0.06134
 17.5020   0.06180
 17.5070   0.06190
 17.5340   0.06236
 17.5590   0.06278
 17.5840   0.06327
 17.5930   0.06345
 17.6200   0.06395
 17.6460   0.06445
 17.6490   0.06451
 17.7010   0.06517
 17.7180   0.06538
 17.7190   0.06540
 17.7620   0.06611
 17.7960   0.06674
 17.8850   0.06814
 17.9180   0.06856
 17.9410   0.06871
 17.9540   0.06885
 17.9730   0.06906
 18.0210   0.06953
 18.0240   0.06958
 18.0290   0.06967
 18.0750   0.07027
 18.0890   0.07051
 18.1010   0.07068
 18.1070   0.07078
 18.1570   0.07157
 18.1740   0.07183
 18.1920   0.07209
 18.1960   0.07215
 18.2280   0.07262
 18.2500   0.07295
 18.2770   0.07338
 18.2890   0.07358
 18.3010   0.07378
 18.3020   0.07380
 18.3230   0.07414
 18.3670   0.07494
 18.4220   0.07602
 18.4300   0.07619
 18.4500   0.07662
 18.4810   0.07732
 18.5210   0.07816
 18.5480   0.07875
 18.5570   0.07893
 18.5900   0.07955
 18.6100   0.07992
 18.6160   0.08004
 18.6350   0.08038
 18.6430   0.08052
 18.6560   0.08074
 18.6580   0.08077
 18.6870   0.08123
 18.6900   0.08127
 18.7110   0.08161
 18.7260   0.08181
 18.7430   0.08198
 18.7480   0.08204
 18.7700   0.08224
 18.7720   0.08226
 18.8150   0.08270
 18.8560   0.08320
 18.8730   0.08332
 18.8740   0.08332
 18.8990   0.08375
 18.9590   0.08433
 18.9660   0.08436
 19.0540   0.08545
 19.0550   0.08547
 19.0680   0.08571
 19.0690   0.08572
 19.0720   0.08577
 19.0920   0.08613
 19.0950   0.08619
 19.1320   0.08717
 19.1660   0.08810
 19.1880   0.08877
 19.1950   0.08898
 19.2060   0.08931
 19.2250   0.08990
 19.3110   0.09257
 19.3130   0.09263
 19.3390   0.09342
 19.3710   0.09443
 19.3880   0.09490
 19.4020   0.09526
 19.4080   0.09542
 19.4120   0.09552
 19.4180   0.09567
 19.4450   0.09653
 19.4490   0.09666
 19.4510   0.09673
 19.4700   0.09731
 19.4890   0.09793
 19.4930   0.09802
 19.5290   0.09903
 19.5370   0.09928
 19.5490   0.09965
 19.5580   0.09991
 19.5590   0.09994
 19.5670   0.10013
 19.5710   0.10023
 19.5900   0.10075
 19.5910   0.10077
 19.5930   0.10081
 19.6130   0.10128
 19.6220   0.10152
 19.6340   0.10181
 19.6440   0.10205
 19.6450   0.10207
 19.6460   0.10210
 19.6550   0.10231
 19.6950   0.10328
 19.6960   0.10330
 19.7440   0.10442
 19.8060   0.10582
 19.8500   0.10686
 19.8790   0.10752
 19.9060   0.10807
 19.9240   0.10838
 19.9250   0.10839
 19.9320   0.10852
 19.9390   0.10868
 19.9430   0.10877
 19.9640   0.10921
 19.9740   0.10939
 20.0290   0.11044
 20.0370   0.11056
 20.0630   0.11086
 20.0870   0.11094
 20.1030   0.11097
 20.1220   0.11116
 20.1450   0.11151
 20.1610   0.11176
 20.1710   0.11191
 20.1770   0.11193
 20.1810   0.11200
 20.1910   0.11205
 20.2200   0.11246
 20.2220   0.11250
 20.2240   0.11254
 20.2560   0.11317
 20.2840   0.11363
 20.2930   0.11372
 20.3540   0.11466
 20.3570   0.11471
 20.3860   0.11519
 20.4010   0.11546
 20.4020   0.11548
 20.4350   0.11610
 20.4380   0.11615
 20.4470   0.11636
 20.5300   0.11854
 20.5360   0.11876
 20.5430   0.11903
 20.5500   0.11927
 20.5530   0.11933
 20.5700   0.11971
 20.5900   0.12046
 20.5970   0.12064
 20.5980   0.12067
 20.6170   0.12141
 20.6610   0.12352
 20.6700   0.12402
 20.7190   0.12672
 20.7350   0.12777
 20.7610   0.12950
 20.7670   0.12985
 20.7710   0.13000
 20.7740   0.13011
 20.7760   0.13022
 20.7910   0.13104
 20.7940   0.13117
 20.8010   0.13170
 20.8050   0.13200
 20.8090   0.13230
 20.8100   0.13238
 20.8160   0.13285
 20.8240   0.13348
 20.8530   0.13590
 20.9150   0.14128
 20.9200   0.14160
 20.9580   0.14455
 20.9650   0.14498
 20.9740   0.14555
 20.9770   0.14574
 21.0000   0.14811
 21.0080   0.14870
 21.0350   0.15077
 21.0730   0.15444
 21.1330   0.16245
 21.1430   0.16384
 21.1480   0.16436
 21.1660   0.16609
 21.1940   0.16948
 21.1960   0.16978
 21.2110   0.17181
 21.2210   0.17315
 21.2220   0.17330
 21.2910   0.18295
 21.3160   0.18614
 21.3420   0.18963
 21.3610   0.19214
 21.3760   0.19411
 21.4240   0.20084
 21.4320   0.20194
 21.4570   0.20536
 21.4710   0.20724
 21.4740   0.20764
 21.4850   0.20911
 21.5660   0.21953
 21.6040   0.22433
 21.6190   0.22623
 21.6270   0.22727
 21.6460   0.22972
 21.6520   0.23047
 21.6580   0.23122
 21.6870   0.23492
 21.7520   0.24314
 21.8450   0.25538
 21.9100   0.26422
 21.9220   0.26589
 21.9370   0.26801
 21.9410   0.26858
 21.9530   0.27030
 22.0930   0.29106
 22.1580   0.30134
 22.1620   0.30199
 22.1810   0.30514
 22.1830   0.30548
 22.1890   0.30649
 22.2170   0.31131
 22.2580   0.31868
 22.2700   0.32060
 22.4380   0.35326
 22.4420   0.35410
 22.4760   0.36039
 22.4850   0.36193
 22.5030   0.36540
 22.5300   0.37140
 22.5430   0.37433
 22.5980   0.38707
 22.6230   0.39300
 22.6320   0.39515
 22.6560   0.40092
 22.6610   0.40213
 22.6900   0.40916
 22.7320   0.41929
 22.7760   0.43009
 22.8000   0.43598
 22.9500   0.47270
 22.9700   0.47757
 23.0040   0.48583
 23.0500   0.49696
 23.0530   0.49769
 23.1010   0.50930
 23.1160   0.51292
 23.1320   0.51678
 23.2980   0.55684
 23.3650   0.57296
 23.3690   0.57392
 23.7220   0.65956
 23.7380   0.66349
 23.7400   0.66399
 23.8700   0.69619
 24.1190   0.75910
 24.2490   0.79262
 24.3770   0.82608
 24.4600   0.84801
 24.9100   1.00603
 25.6450   1.40054
 25.8320   1.48267
 25.9450   1.53022
 28.6680   2.57056
