  7.9340   0.01503
  9.4690   0.01804
  9.5490   0.01821
  9.9370   0.01903
 10.4760   0.02021
 10.7500   0.02082
 11.1040   0.02163
 11.2640   0.02200
 11.3710   0.02225
 11.4900   0.02253
 11.5720   0.02272
 11.5820   0.02275
 11.7540   0.02317
 11.7580   0.02318
 12.1270   0.02413
 12.3100   0.02465
 12.3670   0.02481
 12.6000   0.02554
 12.6500   0.02571
 12.8320   0.02631
 12.8590   0.02640
 13.1430   0.02728
 13.3330   0.02786
 13.4200   0.02812
 13.4830   0.02831
 13.6080   0.02880
 13.7350   0.02921
 13.7970   0.02946
 13.8000   0.02947
 14.2140   0.03099
 14.2760   0.03125
 14.3190   0.03143
 14.3930   0.03178
 14.4390   0.03202
 14.5100   0.03242
 14.5430   0.03262
 14.5690   0.03280
 14.6250   0.03316
 14.6670   0.03344
 14.7850   0.03428
 14.8710   0.03491
 14.9650   0.03562
 15.0070   0.03594
 15.0410   0.03620
 15.0590   0.03634
 15.2650   0.03787
 15.2890   0.03804
 15.3380   0.03840
 15.3950   0.03879
 15.4190   0.03895
 15.4270   0.03901
 15.4530   0.03918
 15.5110   0.03955
 15.5960   0.04005
 15.6020   0.04009
 15.6660   0.04045
 15.8080   0.04120
 15.8500   0.04144
 15.9940   0.04223
 16.0000   0.04226
 16.0060   0.04229
 16.0570   0.04256
 16.0760   0.04267
 16.0840   0.04272
 16.0970   0.04280
 16.1080   0.04286
 16.1480   0.04314
 16.1850   0.04342
 16.2300   0.04382
 16.3250   0.04479
 16.5170   0.04715
 16.5200   0.04718
 16.5750   0.04785
 16.6250   0.04843
 16.6780   0.04904
 16.6940   0.04921
 16.6960   0.04923
 16.6970   0.04924
 16.7070   0.04936
 16.7120   0.04942
 16.7540   0.04987
 16.7960   0.05027
 16.8030   0.05033
 16.8110   0.05040
 16.8160   0.05044
 16.8520   0.05078
 16.8660   0.05092
 16.9090   0.05130
 16.9380   0.05162
 16.9940   0.05231
 17.0010   0.05237
 17.0030   0.05239
 17.0080   0.05247
 17.0740   0.05313
 17.0760   0.05314
 17.1090   0.05345
 17.1280   0.05360
 17.1420   0.05374
 17.1440   0.05376
 17.1670   0.05395
 17.1780   0.05404
 17.2220   0.05452
 17.2320   0.05462
 17.2680   0.05504
 17.2700   0.05507
 17.2870   0.05530
 17.2990   0.05547
 17.3150   0.05573
 17.3420   0.05627
 17.3720   0.05680
 17.3770   0.05689
 17.3790   0.05693
 17.4160   0.05766
 17.4170   0.05768
 17.4210   0.05776
 17.4640   0.05862
 17.4790   0.05893
 17.5030   0.05944
 17.5060   0.05950
 17.6020   0.06169
 17.6510   0.06291
 17.6740   0.06341
 17.6840   0.06365
 17.6890   0.06378
 17.7100   0.06430
 17.7470   0.06523
 17.7620   0.06558
 17.7630   0.06560
 17.7640   0.06562
 17.8050   0.06672
 17.8160   0.06701
 17.8270   0.06728
 17.8330   0.06743
 17.8430   0.06770
 17.8590   0.06811
 17.8780   0.06860
 17.9100   0.06951
 17.9190   0.06977
 17.9200   0.06979
 17.9860   0.07144
 18.0050   0.07197
 18.0390   0.07286
 18.0760   0.07373
 18.1370   0.07504
 18.1440   0.07515
 18.1450   0.07516
 18.1660   0.07551
 18.1980   0.07621
 18.2180   0.07650
 18.2340   0.07677
 18.2410   0.07691
 18.2530   0.07706
 18.2670   0.07728
 18.2760   0.07741
 18.2990   0.07777
 18.3490   0.07849
 18.3580   0.07861
 18.3600   0.07863
 18.3940   0.07910
 18.4060   0.07923
 18.4230   0.07945
 18.4350   0.07958
 18.4500   0.07977
 18.5020   0.08033
 18.5200   0.08054
 18.5500   0.08088
 18.5810   0.08124
 18.5960   0.08142
 18.6000   0.08146
 18.6060   0.08153
 18.6120   0.08160
 18.6250   0.08175
 18.6270   0.08178
 18.6580   0.08214
 18.6790   0.08239
 18.6850   0.08246
 18.7110   0.08280
 18.7290   0.08304
 18.7320   0.08308
 18.7690   0.08358
 18.7740   0.08365
 18.7860   0.08383
 18.7950   0.08396
 18.8210   0.08429
 18.8330   0.08444
 18.8710   0.08499
 18.9230   0.08564
 18.9250   0.08567
 18.9290   0.08574
 18.9670   0.08626
 18.9690   0.08629
 18.9890   0.08656
 19.0400   0.08730
 19.0430   0.08734
 19.0900   0.08794
 19.1010   0.08809
 19.1590   0.08892
 19.1680   0.08906
 19.1740   0.08915
 19.1790   0.08921
 19.1970   0.08948
 19.2540   0.09030
 19.3000   0.09105
 19.3060   0.09116
 19.3260   0.09144
 19.3390   0.09163
 19.3730   0.09209
 19.4110   0.09245
 19.4130   0.09248
 19.4210   0.09261
 19.4270   0.09270
 19.4380   0.09279
 19.4440   0.09284
 19.4660   0.09306
 19.4810   0.09320
 19.4910   0.09334
 19.5020   0.09345
 19.5250   0.09373
 19.5300   0.09379
 19.5580   0.09416
 19.5590   0.09417
 19.5920   0.09463
 19.6330   0.09507
 19.6390   0.09513
 19.6470   0.09521
 19.7180   0.09601
 19.7290   0.09605
 19.7360   0.09611
 19.7530   0.09629
 19.7670   0.09646
 19.7700   0.09651
 19.7750   0.09656
 19.7770   0.09657
 19.7860   0.09660
 19.8110   0.09691
 19.8220   0.09696
 19.8360   0.09705
 19.8420   0.09709
 19.8730   0.09743
 19.8930   0.09766
 19.8940   0.09767
 19.9020   0.09778
 19.9120   0.09790
 19.9360   0.09818
 19.9630   0.09846
 19.9760   0.09859
 19.9830   0.09868
 19.9860   0.09871
 19.9960   0.09884
 20.0080   0.09902
 20.0330   0.09942
 20.0340   0.09944
 20.0460   0.09965
 20.0700   0.10004
 20.1460   0.10120
 20.1830   0.10181
 20.1970   0.10212
 20.2010   0.10222
 20.2190   0.10262
 20.2280   0.10286
 20.2310   0.10294
 20.2820   0.10394
 20.2860   0.10405
 20.3000   0.10429
 20.3460   0.10527
 20.3630   0.10570
 20.3940   0.10641
 20.4440   0.10762
 20.4510   0.10779
 20.4580   0.10796
 20.4590   0.10799
 20.4960   0.10874
 20.4980   0.10877
 20.5050   0.10889
 20.5080   0.10894
 20.5130   0.10905
 20.5300   0.10934
 20.5480   0.10963
 20.5590   0.10983
 20.5800   0.11021
 20.6160   0.11079
 20.6680   0.11154
 20.6770   0.11165
 20.7030   0.11203
 20.7200   0.11226
 20.7230   0.11230
 20.7400   0.11256
 20.7430   0.11261
 20.7440   0.11263
 20.7850   0.11337
 20.8030   0.11369
 20.8130   0.11387
 20.8180   0.11396
 20.8410   0.11438
 20.8630   0.11484
 20.8930   0.11541
 20.9130   0.11583
 20.9150   0.11587
 20.9400   0.11647
 20.9500   0.11672
 20.9550   0.11681
 20.9560   0.11683
 20.9670   0.11708
 20.9700   0.11713
 20.9750   0.11727
 21.0890   0.11950
 21.1200   0.12006
 21.1470   0.12047
 21.1480   0.12048
 21.1710   0.12102
 21.2070   0.12167
 21.2140   0.12185
 21.2230   0.12207
 21.2350   0.12237
 21.2480   0.12268
 21.2860   0.12332
 21.2880   0.12334
 21.3000   0.12337
 21.3190   0.12350
 21.3280   0.12354
 21.3300   0.12354
 21.3360   0.12355
 21.3760   0.12402
 21.4090   0.12409
 21.4880   0.12455
 21.5060   0.12469
 21.5380   0.12499
 21.5420   0.12502
 21.5480   0.12508
 21.5620   0.12519
 21.5660   0.12523
 21.5700   0.12526
 21.5760   0.12531
 21.5770   0.12532
 21.6020   0.12552
 21.6350   0.12581
 21.6510   0.12594
 21.7010   0.12630
 21.7220   0.12643
 21.7340   0.12649
 21.7360   0.12650
 21.7460   0.12656
 21.7490   0.12657
 21.7570   0.12662
 21.7730   0.12670
 21.7840   0.12675
 21.7920   0.12678
 21.8870   0.12707
 21.8940   0.12709
 21.8990   0.12710
 21.9060   0.12711
 21.9110   0.12712
 21.9730   0.12722
 21.9810   0.12723
 21.9990   0.12727
 22.0000   0.12727
 22.0020   0.12727
 22.0260   0.12735
 22.0390   0.12740
 22.0750   0.12763
 22.0920   0.12776
 22.1440   0.12835
 22.2160   0.12984
 22.2260   0.13012
 22.2390   0.13051
 22.2680   0.13149
 22.2970   0.13260
 22.2980   0.13264
 22.3000   0.13272
 22.3310   0.13402
 22.3350   0.13419
 22.3520   0.13495
 22.3550   0.13508
 22.3820   0.13633
 22.4190   0.13809
 22.4660   0.14038
 22.4720   0.14067
 22.5650   0.14522
 22.7330   0.15317
 22.7430   0.15363
 22.7800   0.15532
 23.0290   0.16697
 23.4680   0.19000
 23.7290   0.20371
 23.8000   0.20740
 25.3460   0.28751
