  7.5580   0.02714
  9.1620   0.03246
  9.1890   0.03254
  9.7480   0.03437
 10.2520   0.03602
 10.5000   0.03685
 10.7420   0.03767
 11.0460   0.03872
 11.1320   0.03902
 11.1470   0.03907
 11.3640   0.03985
 11.4180   0.04005
 11.4210   0.04006
 11.5180   0.04042
 11.7760   0.04138
 12.0390   0.04238
 12.3450   0.04354
 12.3970   0.04374
 12.6530   0.04469
 12.7420   0.04500
 12.7510   0.04503
 13.0450   0.04598
 13.1470   0.04627
 13.2730   0.04659
 13.2940   0.04667
 13.4250   0.04704
 13.5650   0.04737
 13.6220   0.04760
 13.6890   0.04775
 14.0220   0.04874
 14.0600   0.04888
 14.0990   0.04904
 14.1670   0.04942
 14.1680   0.04943
 14.1760   0.04947
 14.2460   0.04986
 14.3390   0.05056
 14.4570   0.05161
 14.4880   0.05191
 14.6430   0.05343
 14.7000   0.05394
 14.7670   0.05455
 14.7940   0.05478
 14.9340   0.05592
 14.9510   0.05605
 15.1090   0.05738
 15.1430   0.05763
 15.2790   0.05884
 15.3080   0.05906
 15.3250   0.05925
 15.4160   0.06005
 15.4180   0.06006
 15.4280   0.06015
 15.5780   0.06160
 15.5990   0.06182
 15.7110   0.06314
 15.7600   0.06372
 15.7850   0.06403
 15.8460   0.06489
 15.8990   0.06566
 15.9000   0.06568
 15.9220   0.06601
 15.9460   0.06638
 15.9600   0.06661
 15.9680   0.06675
 15.9910   0.06715
 16.0200   0.06768
 16.0590   0.06844
 16.0610   0.06848
 16.0950   0.06913
 16.1350   0.06989
 16.2630   0.07247
 16.3680   0.07468
 16.4350   0.07601
 16.4370   0.07605
 16.5290   0.07771
 16.5360   0.07783
 16.5860   0.07862
 16.6610   0.07970
 16.6620   0.07972
 16.7000   0.08027
 16.7010   0.08029
 16.7060   0.08035
 16.7110   0.08041
 16.7230   0.08056
 16.7490   0.08085
 16.7520   0.08088
 16.7660   0.08103
 16.8180   0.08177
 16.8850   0.08249
 16.9390   0.08338
 16.9600   0.08364
 16.9690   0.08375
 16.9710   0.08378
 16.9980   0.08423
 17.0130   0.08456
 17.0320   0.08486
 17.0390   0.08496
 17.0570   0.08524
 17.0990   0.08595
 17.1080   0.08616
 17.1190   0.08638
 17.1220   0.08644
 17.1260   0.08652
 17.1310   0.08662
 17.1370   0.08673
 17.1510   0.08702
 17.1700   0.08742
 17.1790   0.08763
 17.1880   0.08784
 17.2050   0.08823
 17.2270   0.08875
 17.2680   0.08975
 17.3100   0.09078
 17.3200   0.09103
 17.3340   0.09138
 17.3450   0.09165
 17.3490   0.09175
 17.3950   0.09288
 17.4080   0.09320
 17.4360   0.09388
 17.4770   0.09489
 17.5020   0.09552
 17.5070   0.09564
 17.5340   0.09631
 17.5590   0.09695
 17.5840   0.09759
 17.5930   0.09782
 17.6200   0.09852
 17.6460   0.09921
 17.6490   0.09929
 17.7010   0.10066
 17.7180   0.10111
 17.7190   0.10114
 17.7620   0.10229
 17.7960   0.10321
 17.8850   0.10570
 17.9180   0.10665
 17.9410   0.10729
 17.9540   0.10765
 17.9730   0.10817
 18.0210   0.10937
 18.0240   0.10945
 18.0290   0.10959
 18.0750   0.11067
 18.0890   0.11106
 18.1010   0.11140
 18.1070   0.11154
 18.1570   0.11294
 18.1740   0.11342
 18.1920   0.11389
 18.1960   0.11398
 18.2280   0.11473
 18.2500   0.11513
 18.2770   0.11568
 18.2890   0.11590
 18.3010   0.11619
 18.3020   0.11621
 18.3230   0.11665
 18.3670   0.11732
 18.4220   0.11815
 18.4300   0.11829
 18.4500   0.11857
 18.4810   0.11903
 18.5210   0.11943
 18.5480   0.11968
 18.5570   0.11981
 18.5900   0.12017
 18.6100   0.12039
 18.6160   0.12045
 18.6350   0.12067
 18.6430   0.12079
 18.6560   0.12092
 18.6580   0.12095
 18.6870   0.12135
 18.7110   0.12168
 18.7260   0.12191
 18.7430   0.12216
 18.7480   0.12223
 18.7700   0.12254
 18.7720   0.12257
 18.8150   0.12317
 18.8560   0.12379
 18.8730   0.12402
 18.8740   0.12404
 18.8990   0.12441
 18.9590   0.12533
 18.9660   0.12542
 19.0540   0.12674
 19.0550   0.12675
 19.0680   0.12696
 19.0690   0.12698
 19.0720   0.12703
 19.0920   0.12738
 19.0950   0.12743
 19.1320   0.12806
 19.1660   0.12863
 19.1880   0.12898
 19.1950   0.12909
 19.2060   0.12925
 19.2250   0.12954
 19.3110   0.13069
 19.3130   0.13072
 19.3390   0.13099
 19.3710   0.13133
 19.3880   0.13157
 19.4020   0.13178
 19.4080   0.13184
 19.4120   0.13189
 19.4180   0.13194
 19.4450   0.13220
 19.4490   0.13222
 19.4510   0.13224
 19.4700   0.13247
 19.4890   0.13269
 19.4930   0.13271
 19.5290   0.13309
 19.5370   0.13321
 19.5490   0.13333
 19.5580   0.13342
 19.5590   0.13343
 19.5670   0.13352
 19.5710   0.13359
 19.5900   0.13404
 19.5910   0.13406
 19.5930   0.13409
 19.6130   0.13442
 19.6220   0.13465
 19.6340   0.13497
 19.6440   0.13518
 19.6450   0.13520
 19.6460   0.13521
 19.6550   0.13537
 19.6950   0.13636
 19.6960   0.13638
 19.7440   0.13757
 19.8060   0.13939
 19.8500   0.14082
 19.8790   0.14177
 19.9060   0.14266
 19.9240   0.14325
 19.9250   0.14328
 19.9320   0.14351
 19.9390   0.14374
 19.9430   0.14388
 19.9740   0.14488
 20.0290   0.14658
 20.0370   0.14682
 20.0630   0.14749
 20.0870   0.14806
 20.1030   0.14829
 20.1220   0.14854
 20.1450   0.14910
 20.1610   0.14942
 20.1710   0.14956
 20.1770   0.14970
 20.1810   0.14970
 20.1910   0.14968
 20.2200   0.15004
 20.2220   0.15002
 20.2240   0.15004
 20.2560   0.15066
 20.2840   0.15066
 20.2930   0.15054
 20.3540   0.15040
 20.3570   0.15036
 20.3860   0.15024
 20.4010   0.15005
 20.4020   0.15003
 20.4350   0.14959
 20.4380   0.14956
 20.4470   0.14961
 20.5300   0.14904
 20.5360   0.14900
 20.5430   0.14896
 20.5500   0.14894
 20.5530   0.14893
 20.5700   0.14897
 20.5900   0.14897
 20.5970   0.14898
 20.5980   0.14899
 20.6170   0.14903
 20.6610   0.14931
 20.6700   0.14940
 20.7190   0.14999
 20.7350   0.15021
 20.7610   0.15051
 20.7670   0.15059
 20.7710   0.15062
 20.7740   0.15064
 20.7760   0.15065
 20.7910   0.15085
 20.7940   0.15089
 20.8010   0.15101
 20.8050   0.15108
 20.8090   0.15115
 20.8100   0.15117
 20.8160   0.15128
 20.8240   0.15142
 20.8530   0.15199
 20.9150   0.15318
 20.9200   0.15324
 20.9580   0.15388
 20.9650   0.15404
 20.9740   0.15426
 20.9770   0.15433
 21.0000   0.15460
 21.0080   0.15478
 21.0350   0.15508
 21.0730   0.15605
 21.1330   0.15752
 21.1430   0.15765
 21.1480   0.15771
 21.1660   0.15797
 21.1940   0.15858
 21.1960   0.15861
 21.2110   0.15895
 21.2210   0.15918
 21.2220   0.15920
 21.2910   0.16072
 21.3160   0.16119
 21.3420   0.16172
 21.3610   0.16210
 21.3760   0.16240
 21.4240   0.16337
 21.4320   0.16351
 21.4570   0.16393
 21.4710   0.16413
 21.4740   0.16418
 21.4850   0.16436
 21.5660   0.16470
 21.6040   0.16469
 21.6190   0.16471
 21.6270   0.16481
 21.6460   0.16493
 21.6520   0.16492
 21.6580   0.16490
 21.6870   0.16506
 21.7520   0.16544
 21.8450   0.16685
 21.9100   0.16818
 21.9220   0.16846
 21.9370   0.16883
 21.9410   0.16893
 21.9530   0.16924
 22.0930   0.17313
 22.1580   0.17511
 22.1620   0.17523
 22.1810   0.17583
 22.1830   0.17590
 22.1890   0.17609
 22.2170   0.17700
 22.2580   0.17838
 22.2700   0.17872
 22.4380   0.18488
 22.4420   0.18505
 22.4760   0.18618
 22.4850   0.18644
 22.5030   0.18708
 22.5300   0.18828
 22.5430   0.18887
 22.5980   0.19143
 22.6230   0.19262
 22.6320   0.19306
 22.6560   0.19421
 22.6610   0.19445
 22.6900   0.19585
 22.7320   0.19785
 22.7760   0.19997
 22.8000   0.20111
 22.9500   0.20796
 22.9700   0.20883
 23.0040   0.21029
 23.0500   0.21223
 23.0530   0.21235
 23.1010   0.21434
 23.1160   0.21495
 23.1320   0.21560
 23.2980   0.22220
 23.3650   0.22459
 23.3690   0.22472
 23.7220   0.23352
 23.7380   0.23384
 23.7400   0.23388
 23.8700   0.23642
 24.1190   0.24146
 24.2490   0.24429
 24.3770   0.24723
 24.4600   0.24920
 24.9100   0.26040
 25.6450   0.27825
 25.8320   0.28239
 25.9450   0.28478
 28.6680   0.32549
