 14.4390   0.03074
 14.6600   0.03210
 14.8640   0.03335
 15.1450   0.03503
 15.1770   0.03521
 15.2010   0.03535
 15.3230   0.03602
 15.3250   0.03603
 15.4640   0.03676
 15.6060   0.03746
 15.6170   0.03751
 15.6200   0.03753
 15.6540   0.03769
 15.7070   0.03793
 15.7230   0.03801
 15.7440   0.03810
 15.7790   0.03826
 15.8540   0.03861
 15.8800   0.03873
 16.0100   0.03935
 16.0360   0.03949
 16.0850   0.03975
 16.1390   0.04005
 16.1750   0.04027
 16.3350   0.04143
 16.3380   0.04145
 16.4530   0.04238
 16.4740   0.04257
 16.4950   0.04273
 16.5200   0.04295
 16.6400   0.04401
 16.7010   0.04446
 16.7560   0.04476
 16.7730   0.04482
 16.7860   0.04487
 16.8080   0.04495
 16.8430   0.04506
 16.8940   0.04519
 16.9260   0.04524
 16.9340   0.04524
 16.9560   0.04533
 16.9880   0.04539
 17.0130   0.04541
 17.0610   0.04557
 17.0720   0.04563
 17.0800   0.04565
 17.0850   0.04566
 17.1000   0.04570
 17.1490   0.04588
 17.2200   0.04624
 17.2220   0.04626
 17.2350   0.04634
 17.2440   0.04638
 17.2510   0.04642
 17.2630   0.04647
 17.2880   0.04659
 17.3030   0.04667
 17.3050   0.04668
 17.3070   0.04669
 17.3190   0.04680
 17.3390   0.04693
 17.3480   0.04697
 17.3520   0.04699
 17.3900   0.04723
 17.3920   0.04725
 17.4030   0.04734
 17.4170   0.04741
 17.4620   0.04770
 17.4810   0.04780
 17.4990   0.04791
 17.5030   0.04794
 17.5530   0.04839
 17.6060   0.04893
 17.6230   0.04911
 17.6480   0.04944
 17.6600   0.04960
 17.6660   0.04968
 17.6670   0.04969
 17.7020   0.05015
 17.7400   0.05059
 17.8480   0.05201
 17.8790   0.05248
 17.9130   0.05301
 17.9140   0.05303
 17.9450   0.05352
 17.9600   0.05377
 17.9620   0.05381
 17.9670   0.05389
 17.9870   0.05421
 18.0030   0.05446
 18.0140   0.05464
 18.0590   0.05540
 18.0670   0.05554
 18.0750   0.05567
 18.0810   0.05578
 18.1020   0.05614
 18.1070   0.05622
 18.1540   0.05707
 18.1670   0.05729
 18.1830   0.05760
 18.2040   0.05801
 18.2340   0.05857
 18.2560   0.05903
 18.2780   0.05956
 18.3110   0.06041
 18.3250   0.06075
 18.3350   0.06101
 18.3390   0.06108
 18.3630   0.06171
 18.3780   0.06203
 18.4030   0.06262
 18.4110   0.06280
 18.4600   0.06390
 18.4750   0.06430
 18.4810   0.06444
 18.5190   0.06535
 18.5200   0.06537
 18.5240   0.06546
 18.5330   0.06570
 18.5350   0.06575
 18.5460   0.06600
 18.5560   0.06621
 18.5730   0.06657
 18.5790   0.06669
 18.6170   0.06751
 18.6420   0.06823
 18.6560   0.06857
 18.6780   0.06911
 18.6850   0.06930
 18.6880   0.06939
 18.7170   0.07010
 18.7670   0.07126
 18.9450   0.07561
 18.9460   0.07564
 18.9530   0.07584
 18.9670   0.07614
 18.9850   0.07649
 18.9880   0.07653
 18.9890   0.07654
 18.9900   0.07656
 18.9970   0.07665
 19.0150   0.07714
 19.0170   0.07720
 19.0360   0.07760
 19.0810   0.07854
 19.0950   0.07890
 19.1300   0.07978
 19.1330   0.07988
 19.1340   0.07990
 19.1370   0.07993
 19.1490   0.08025
 19.1740   0.08083
 19.1950   0.08137
 19.2090   0.08158
 19.2390   0.08214
 19.2540   0.08239
 19.2600   0.08246
 19.2740   0.08266
 19.3910   0.08448
 19.4160   0.08470
 19.4710   0.08514
 19.4740   0.08518
 19.4930   0.08533
 19.4960   0.08534
 19.4980   0.08536
 19.5080   0.08543
 19.5210   0.08554
 19.5250   0.08557
 19.5270   0.08558
 19.5410   0.08570
 19.5550   0.08581
 19.5580   0.08584
 19.5900   0.08608
 19.6070   0.08622
 19.6130   0.08626
 19.6150   0.08627
 19.6160   0.08628
 19.6220   0.08633
 19.6750   0.08668
 19.6860   0.08674
 19.7290   0.08699
 19.7370   0.08702
 19.7500   0.08706
 19.7640   0.08710
 19.7800   0.08713
 19.7950   0.08722
 19.8010   0.08726
 19.8080   0.08732
 19.8180   0.08742
 19.8200   0.08743
 19.8220   0.08743
 19.8610   0.08768
 19.9140   0.08799
 19.9160   0.08800
 19.9500   0.08820
 19.9850   0.08840
 20.0010   0.08849
 20.0100   0.08855
 20.0200   0.08861
 20.0370   0.08871
 20.0550   0.08881
 20.0620   0.08885
 20.0740   0.08893
 20.0840   0.08901
 20.0960   0.08911
 20.1020   0.08915
 20.1170   0.08926
 20.1200   0.08929
 20.1430   0.08951
 20.1740   0.08991
 20.1920   0.09019
 20.1980   0.09029
 20.2120   0.09048
 20.2670   0.09132
 20.2690   0.09135
 20.2830   0.09157
 20.2850   0.09160
 20.3350   0.09241
 20.3380   0.09247
 20.3450   0.09259
 20.3580   0.09281
 20.3750   0.09310
 20.4070   0.09366
 20.4230   0.09395
 20.4530   0.09446
 20.4930   0.09510
 20.5140   0.09544
 20.5200   0.09556
 20.5320   0.09575
 20.5570   0.09625
 20.5840   0.09677
 20.5860   0.09681
 20.5980   0.09704
 20.6020   0.09712
 20.6320   0.09766
 20.6500   0.09797
 20.6520   0.09801
 20.6840   0.09850
 20.6930   0.09864
 20.7100   0.09889
 20.7120   0.09892
 20.7240   0.09910
 20.7330   0.09922
 20.7670   0.09974
 20.7730   0.09983
 20.7770   0.09989
 20.7970   0.10016
 20.8140   0.10040
 20.8180   0.10046
 20.8210   0.10050
 20.8320   0.10067
 20.8450   0.10087
 20.8500   0.10094
 20.8820   0.10146
 20.8830   0.10147
 20.8870   0.10153
 20.8900   0.10159
 20.8920   0.10162
 20.9230   0.10216
 20.9240   0.10217
 20.9260   0.10220
 20.9270   0.10222
 20.9400   0.10247
 20.9440   0.10255
 20.9640   0.10291
 20.9650   0.10293
 20.9700   0.10302
 21.0150   0.10391
 21.0340   0.10434
 21.0530   0.10477
 21.0620   0.10497
 21.0740   0.10527
 21.1070   0.10601
 21.1200   0.10626
 21.1250   0.10638
 21.1260   0.10639
 21.1650   0.10704
 21.1710   0.10717
 21.2030   0.10781
 21.2440   0.10845
 21.2560   0.10868
 21.2650   0.10879
 21.2700   0.10886
 21.2800   0.10900
 21.2930   0.10920
 21.2970   0.10927
 21.3650   0.11051
 21.3930   0.11097
 21.4250   0.11161
 21.4420   0.11199
 21.4530   0.11223
 21.4690   0.11256
 21.4890   0.11291
 21.5070   0.11338
 21.5260   0.11385
 21.5280   0.11389
 21.5290   0.11390
 21.5990   0.11585
 21.6100   0.11623
 21.6120   0.11630
 21.6130   0.11634
 21.6210   0.11660
 21.6240   0.11667
 21.6400   0.11717
 21.6440   0.11729
 21.6680   0.11819
 21.6780   0.11855
 21.6860   0.11885
 21.6970   0.11920
 21.6990   0.11928
 21.7100   0.11969
 21.7120   0.11977
 21.7400   0.12084
 21.7880   0.12266
 21.7910   0.12277
 21.8030   0.12322
 21.8060   0.12334
 21.8070   0.12337
 21.8100   0.12349
 21.8310   0.12427
 21.8330   0.12435
 21.8350   0.12442
 21.8430   0.12472
 21.8890   0.12643
 21.9510   0.12870
 21.9580   0.12894
 21.9650   0.12919
 21.9740   0.12950
 22.0210   0.13111
 22.0830   0.13314
 22.1610   0.13578
 22.2030   0.13730
 22.2050   0.13738
 22.2170   0.13787
 22.2790   0.14089
 22.3140   0.14290
 22.3210   0.14333
 22.3420   0.14465
 22.4130   0.14946
 22.4150   0.14960
 22.4290   0.15059
 22.5550   0.16045
 22.5750   0.16230
 22.6420   0.16904
 22.6600   0.17096
 23.0190   0.20940
 23.5050   0.25669
 24.1460   0.32046
