 16.1660   0.03754
 16.2670   0.03790
 16.5870   0.03915
 16.8450   0.04027
 16.8470   0.04028
 17.0830   0.04136
 17.1030   0.04146
 17.1670   0.04176
 17.1870   0.04186
 17.2060   0.04195
 17.2110   0.04198
 17.2200   0.04202
 17.2670   0.04225
 17.3360   0.04260
 17.4070   0.04296
 17.4110   0.04298
 17.4210   0.04303
 17.4630   0.04325
 17.4710   0.04329
 17.5240   0.04356
 17.6050   0.04399
 17.6380   0.04416
 17.6680   0.04432
 17.7290   0.04464
 17.7760   0.04490
 17.9570   0.04599
 17.9740   0.04611
 17.9900   0.04624
 18.0330   0.04654
 18.1000   0.04700
 18.1050   0.04703
 18.1470   0.04729
 18.1560   0.04734
 18.1940   0.04755
 18.2630   0.04792
 18.2860   0.04801
 18.3020   0.04807
 18.3890   0.04857
 18.3960   0.04860
 18.5390   0.04988
 18.5520   0.05009
 18.5700   0.05038
 18.5840   0.05061
 18.5850   0.05062
 18.6250   0.05131
 18.6570   0.05184
 18.6580   0.05186
 18.6910   0.05247
 18.7190   0.05299
 18.7430   0.05341
 18.7860   0.05418
 18.8060   0.05454
 18.8140   0.05467
 18.8240   0.05484
 18.8270   0.05489
 18.8370   0.05508
 18.8460   0.05525
 18.8530   0.05537
 18.8600   0.05549
 18.8610   0.05551
 18.8840   0.05590
 18.9050   0.05627
 18.9120   0.05639
 18.9330   0.05673
 18.9610   0.05718
 18.9630   0.05721
 18.9670   0.05727
 18.9800   0.05747
 18.9910   0.05763
 19.0330   0.05823
 19.0340   0.05824
 19.0770   0.05879
 19.1590   0.05977
 19.2160   0.06041
 19.2250   0.06051
 19.2560   0.06086
 19.2670   0.06097
 19.2820   0.06115
 19.3240   0.06162
 19.3350   0.06176
 19.3700   0.06219
 19.4180   0.06279
 19.4600   0.06333
 19.4700   0.06348
 19.4920   0.06382
 19.4950   0.06387
 19.5060   0.06405
 19.5090   0.06410
 19.5120   0.06416
 19.5520   0.06465
 19.5600   0.06467
 19.5700   0.06471
 19.6010   0.06516
 19.6020   0.06517
 19.6430   0.06574
 19.6440   0.06576
 19.6510   0.06583
 19.6800   0.06621
 19.7210   0.06670
 19.7380   0.06689
 19.7440   0.06695
 19.7610   0.06717
 19.7770   0.06741
 19.8150   0.06806
 19.8250   0.06824
 19.8440   0.06859
 19.8680   0.06909
 19.8890   0.06957
 19.8960   0.06974
 19.8990   0.06979
 19.9280   0.07035
 19.9320   0.07042
 19.9360   0.07050
 19.9770   0.07154
 20.0400   0.07311
 20.0640   0.07371
 20.0960   0.07447
 20.1220   0.07502
 20.1330   0.07523
 20.1840   0.07615
 20.2220   0.07697
 20.2510   0.07773
 20.2590   0.07796
 20.2720   0.07821
 20.2730   0.07823
 20.2840   0.07851
 20.2930   0.07873
 20.3420   0.07997
 20.3470   0.08010
 20.3550   0.08027
 20.3890   0.08098
 20.4220   0.08174
 20.4330   0.08199
 20.4560   0.08250
 20.4650   0.08271
 20.4780   0.08301
 20.4790   0.08303
 20.4830   0.08310
 20.4870   0.08319
 20.5010   0.08349
 20.5090   0.08369
 20.5170   0.08387
 20.5420   0.08436
 20.5640   0.08475
 20.5710   0.08485
 20.5730   0.08489
 20.5820   0.08498
 20.5850   0.08507
 20.5960   0.08536
 20.6040   0.08537
 20.6210   0.08564
 20.6290   0.08589
 20.6480   0.08594
 20.7250   0.08709
 20.7630   0.08723
 20.8130   0.08761
 20.8260   0.08772
 20.8480   0.08768
 20.9470   0.08776
 20.9500   0.08777
 20.9540   0.08779
 20.9650   0.08786
 21.0190   0.08768
 21.0400   0.08743
 21.0500   0.08731
 21.0550   0.08733
 21.0640   0.08737
 21.0700   0.08738
 21.1200   0.08711
 21.1210   0.08711
 21.1460   0.08674
 21.1570   0.08660
 21.1600   0.08656
 21.1640   0.08651
 21.1680   0.08647
 21.1860   0.08622
 21.1980   0.08600
 21.2170   0.08563
 21.2320   0.08529
 21.2490   0.08488
 21.2710   0.08435
 21.3270   0.08394
 21.3290   0.08389
 21.3350   0.08384
 21.3590   0.08404
 21.3600   0.08402
 21.3650   0.08392
 21.3800   0.08407
 21.3840   0.08401
 21.3860   0.08397
 21.3990   0.08418
 21.4150   0.08458
 21.4250   0.08485
 21.4280   0.08491
 21.4550   0.08565
 21.4600   0.08588
 21.4810   0.08634
 21.4930   0.08703
 21.5090   0.08722
 21.5340   0.08743
 21.5440   0.08759
 21.5760   0.08857
 21.5880   0.08878
 21.6230   0.08992
 21.6360   0.09024
 21.6410   0.09037
 21.6440   0.09045
 21.6960   0.09325
 21.7090   0.09424
 21.7100   0.09428
 21.7220   0.09519
 21.7370   0.09599
 21.7640   0.09757
 21.8240   0.10197
 21.8320   0.10260
 21.8580   0.10442
 21.8620   0.10471
 21.8820   0.10631
 21.8850   0.10655
 21.9310   0.11037
 21.9450   0.11158
 21.9630   0.11312
 21.9800   0.11460
 21.9840   0.11495
 21.9860   0.11512
 22.0090   0.11715
 22.0200   0.11813
 22.0220   0.11831
 22.0330   0.11929
 22.0350   0.11947
 22.0370   0.11965
 22.0420   0.12010
 22.0530   0.12110
 22.0570   0.12145
 22.0630   0.12197
 22.0640   0.12206
 22.0700   0.12257
 22.0770   0.12317
 22.1040   0.12554
 22.1160   0.12657
 22.1530   0.12962
 22.1540   0.12969
 22.1600   0.13011
 22.1650   0.13046
 22.1790   0.13159
 22.2000   0.13313
 22.2180   0.13467
 22.2350   0.13610
 22.2480   0.13721
 22.2710   0.13898
 22.2870   0.14030
 22.3040   0.14172
 22.3070   0.14197
 22.3260   0.14348
 22.3320   0.14396
 22.3600   0.14618
 22.3610   0.14626
 22.3680   0.14676
 22.3820   0.14774
 22.3850   0.14797
 22.3860   0.14805
 22.3970   0.14889
 22.4010   0.14919
 22.4020   0.14926
 22.4590   0.15280
 22.4860   0.15428
 22.5000   0.15512
 22.5400   0.15704
 22.5630   0.15808
 22.6000   0.15909
 22.6040   0.15917
 22.6190   0.15973
 22.6320   0.16003
 22.6420   0.16032
 22.6680   0.16135
 22.6840   0.16188
 22.6860   0.16192
 22.7260   0.16264
 22.7270   0.16266
 22.7400   0.16292
 22.7480   0.16309
 22.7560   0.16326
 22.7660   0.16351
 22.7820   0.16397
 22.7900   0.16416
 22.8120   0.16474
 22.8250   0.16514
 22.8330   0.16539
 22.8360   0.16549
 22.8400   0.16563
 22.8520   0.16607
 22.8570   0.16625
 22.8760   0.16699
 22.8880   0.16754
 22.9190   0.16922
 22.9240   0.16942
 22.9670   0.17230
 22.9770   0.17301
 22.9950   0.17431
 23.0450   0.17801
 23.0500   0.17838
 23.0530   0.17860
 23.0540   0.17868
 23.0720   0.17996
 23.0850   0.18082
 23.0890   0.18108
 23.1200   0.18304
 23.1230   0.18322
 23.1320   0.18376
 23.1340   0.18388
 23.1420   0.18436
 23.1750   0.18631
 23.1900   0.18719
 23.2180   0.18881
 23.2210   0.18899
 23.2570   0.19121
 23.2700   0.19205
 23.2900   0.19339
 23.3040   0.19433
 23.3560   0.19844
 23.3770   0.20033
 23.3910   0.20165
 23.3940   0.20194
 23.4010   0.20262
 23.5650   0.21913
 23.6470   0.22700
 23.6950   0.23123
 23.7020   0.23182
 23.7110   0.23258
 23.7910   0.23901
 23.8160   0.24094
 23.8570   0.24405
 23.9010   0.24734
 23.9460   0.25069
 24.0270   0.25668
 24.1050   0.26248
 24.3270   0.27941
 24.4790   0.29145
 24.5320   0.29619
 24.7330   0.32113
 24.9710   0.36709
 25.0520   0.38390
 26.8400   0.71668
