 15.0420   0.05688
 15.2810   0.05943
 15.4240   0.06089
 15.5840   0.06248
 15.7300   0.06389
 15.7390   0.06398
 15.8920   0.06542
 15.9190   0.06567
 16.0200   0.06661
 16.0760   0.06713
 16.1620   0.06793
 16.1630   0.06794
 16.1880   0.06818
 16.1910   0.06820
 16.2430   0.06870
 16.3170   0.06941
 16.3220   0.06945
 16.3590   0.06981
 16.3940   0.07015
 16.4270   0.07047
 16.5090   0.07128
 16.6090   0.07227
 16.6190   0.07237
 16.6750   0.07292
 16.6810   0.07298
 16.6950   0.07311
 16.8520   0.07453
 16.8650   0.07464
 16.9070   0.07496
 16.9130   0.07501
 16.9530   0.07532
 16.9760   0.07550
 17.0490   0.07604
 17.1210   0.07657
 17.1690   0.07689
 17.1720   0.07691
 17.2820   0.07742
 17.2840   0.07742
 17.3500   0.07770
 17.3610   0.07771
 17.4110   0.07789
 17.4520   0.07801
 17.4860   0.07863
 17.5330   0.07930
 17.5380   0.07944
 17.5590   0.07987
 17.5910   0.08022
 17.5980   0.08037
 17.6060   0.08058
 17.6670   0.08147
 17.7170   0.08255
 17.7340   0.08293
 17.7640   0.08358
 17.7660   0.08363
 17.7710   0.08375
 17.7760   0.08386
 17.7820   0.08401
 17.8100   0.08484
 17.8140   0.08494
 17.8170   0.08502
 17.8240   0.08520
 17.8250   0.08523
 17.8450   0.08578
 17.8740   0.08669
 17.8990   0.08740
 17.9050   0.08757
 17.9190   0.08805
 17.9440   0.08877
 17.9460   0.08883
 17.9900   0.09006
 18.0070   0.09056
 18.0120   0.09072
 18.0300   0.09131
 18.0970   0.09345
 18.1000   0.09355
 18.1420   0.09483
 18.1440   0.09489
 18.1490   0.09506
 18.1600   0.09540
 18.1630   0.09549
 18.1890   0.09624
 18.2050   0.09673
 18.2060   0.09676
 18.2280   0.09753
 18.2520   0.09839
 18.3050   0.10033
 18.3570   0.10234
 18.4050   0.10416
 18.4340   0.10539
 18.4350   0.10544
 18.4660   0.10680
 18.4910   0.10789
 18.4980   0.10823
 18.5350   0.10987
 18.5410   0.11003
 18.5460   0.11018
 18.6000   0.11213
 18.6040   0.11221
 18.6190   0.11258
 18.6200   0.11263
 18.6230   0.11269
 18.6880   0.11547
 18.6930   0.11567
 18.7160   0.11640
 18.7170   0.11641
 18.7390   0.11664
 18.7720   0.11702
 18.7970   0.11723
 18.8320   0.11765
 18.8570   0.11775
 18.8670   0.11778
 18.8870   0.11792
 18.8880   0.11792
 18.9010   0.11801
 18.9850   0.11859
 19.0270   0.11874
 19.0390   0.11881
 19.0470   0.11888
 19.0490   0.11888
 19.0510   0.11888
 19.0600   0.11890
 19.0740   0.11894
 19.0810   0.11894
 19.0820   0.11894
 19.1050   0.11889
 19.1220   0.11902
 19.1320   0.11905
 19.1340   0.11905
 19.1660   0.11924
 19.1720   0.11932
 19.1950   0.11942
 19.1990   0.11944
 19.2620   0.12007
 19.3330   0.12071
 19.4220   0.12178
 19.4270   0.12184
 19.4490   0.12205
 19.4510   0.12206
 19.4700   0.12218
 19.4980   0.12246
 19.5010   0.12247
 19.5050   0.12247
 19.5070   0.12247
 19.5120   0.12247
 19.5190   0.12255
 19.5210   0.12258
 19.5330   0.12275
 19.5510   0.12291
 19.5660   0.12298
 19.5670   0.12299
 19.6340   0.12338
 19.6420   0.12347
 19.6470   0.12352
 19.6540   0.12349
 19.6550   0.12349
 19.6570   0.12348
 19.7620   0.12373
 19.7660   0.12374
 19.7980   0.12377
 19.8280   0.12380
 19.8690   0.12391
 19.9270   0.12439
 19.9310   0.12444
 19.9380   0.12453
 19.9690   0.12491
 20.0070   0.12548
 20.0180   0.12564
 20.0270   0.12576
 20.0340   0.12585
 20.0350   0.12586
 20.0390   0.12591
 20.0550   0.12611
 20.0690   0.12628
 20.1050   0.12670
 20.1060   0.12671
 20.1110   0.12676
 20.1190   0.12683
 20.1280   0.12691
 20.1510   0.12715
 20.1610   0.12726
 20.1800   0.12747
 20.1970   0.12764
 20.2040   0.12772
 20.2070   0.12775
 20.2320   0.12802
 20.2380   0.12808
 20.2480   0.12818
 20.2810   0.12834
 20.2830   0.12835
 20.2870   0.12837
 20.3040   0.12842
 20.3270   0.12840
 20.3320   0.12839
 20.3490   0.12833
 20.3670   0.12826
 20.3770   0.12821
 20.4390   0.12778
 20.4470   0.12771
 20.4490   0.12769
 20.4830   0.12738
 20.4850   0.12736
 20.4880   0.12733
 20.5150   0.12704
 20.5410   0.12681
 20.5420   0.12680
 20.5600   0.12675
 20.5770   0.12675
 20.5840   0.12670
 20.5960   0.12669
 20.6040   0.12671
 20.6080   0.12665
 20.6100   0.12665
 20.6160   0.12668
 20.6490   0.12690
 20.6800   0.12707
 20.6900   0.12690
 20.7240   0.12659
 20.7260   0.12659
 20.7310   0.12663
 20.7380   0.12668
 20.7570   0.12661
 20.7610   0.12664
 20.7930   0.12673
 20.8130   0.12672
 20.8250   0.12676
 20.8400   0.12684
 20.8500   0.12690
 20.9130   0.12764
 20.9650   0.12878
 20.9770   0.12917
 20.9840   0.12950
 21.0110   0.13020
 21.0360   0.13087
 21.0410   0.13114
 21.0690   0.13205
 21.0830   0.13212
 21.0870   0.13234
 21.0910   0.13256
 21.0970   0.13284
 21.1070   0.13315
 21.1080   0.13315
 21.1360   0.13381
 21.1380   0.13381
 21.1390   0.13387
 21.1410   0.13395
 21.1440   0.13397
 21.2130   0.13535
 21.2250   0.13601
 21.2480   0.13683
 21.2530   0.13713
 21.2620   0.13749
 21.2740   0.13800
 21.2760   0.13813
 21.2970   0.13912
 21.2980   0.13918
 21.3120   0.13991
 21.3170   0.14020
 21.3180   0.14026
 21.3350   0.14118
 21.3390   0.14139
 21.3490   0.14195
 21.3620   0.14274
 21.3950   0.14485
 21.4030   0.14537
 21.4080   0.14570
 21.4190   0.14642
 21.4200   0.14649
 21.4260   0.14690
 21.4500   0.14844
 21.5120   0.15299
 21.5410   0.15527
 21.5490   0.15590
 21.5570   0.15653
 21.5660   0.15725
 21.5800   0.15839
 21.6230   0.16201
 21.6260   0.16228
 21.6360   0.16319
 21.6380   0.16336
 21.6400   0.16352
 21.6750   0.16631
 21.6980   0.16824
 21.7210   0.16980
 21.7390   0.17073
 21.7570   0.17160
 21.7940   0.17341
 21.7960   0.17350
 21.8090   0.17444
 21.8390   0.17603
 21.8670   0.17733
 21.8750   0.17779
 21.8830   0.17830
 21.9020   0.17899
 21.9200   0.17976
 21.9220   0.17987
 21.9250   0.17998
 21.9440   0.18076
 21.9490   0.18100
 21.9520   0.18113
 21.9590   0.18145
 21.9620   0.18159
 21.9650   0.18173
 21.9750   0.18221
 21.9980   0.18336
 22.0060   0.18375
 22.0250   0.18472
 22.0260   0.18477
 22.0330   0.18519
 22.0420   0.18574
 22.0490   0.18619
 22.0670   0.18740
 22.0880   0.18888
 22.0920   0.18917
 22.0940   0.18932
 22.1020   0.18992
 22.1280   0.19188
 22.1890   0.19647
 22.2210   0.19886
 22.2350   0.19988
 22.2430   0.20046
 22.2480   0.20081
 22.2530   0.20117
 22.2710   0.20244
 22.2740   0.20265
 22.2800   0.20306
 22.3190   0.20571
 22.3200   0.20578
 22.3400   0.20711
 22.3490   0.20770
 22.3520   0.20790
 22.3600   0.20843
 22.4150   0.21222
 22.4350   0.21367
 22.5400   0.22164
 22.6130   0.22777
 22.6520   0.23108
 22.6540   0.23125
 22.6980   0.23500
 22.7610   0.24035
 22.8060   0.24416
 22.8430   0.24728
 22.8720   0.24973
 22.8880   0.25108
 22.8930   0.25150
 23.0160   0.26184
 23.1880   0.27633
 23.2100   0.27819
 23.5160   0.30435
 23.6980   0.32031
 23.7500   0.32490
