  9.0160   0.01414
 10.4990   0.01648
 10.6260   0.01669
 10.9500   0.01724
 11.4930   0.01816
 11.7580   0.01860
 12.1900   0.01930
 12.2770   0.01945
 12.2910   0.01947
 12.4480   0.01973
 12.4920   0.01980
 12.5490   0.01990
 12.7010   0.02016
 12.8640   0.02047
 13.0570   0.02087
 13.1550   0.02110
 13.3550   0.02164
 13.5560   0.02228
 13.6600   0.02263
 13.7270   0.02286
 13.9180   0.02352
 13.9400   0.02359
 14.2360   0.02462
 14.4450   0.02542
 14.4510   0.02545
 14.5240   0.02573
 14.5450   0.02580
 14.6760   0.02626
 14.7640   0.02656
 14.7970   0.02667
 15.0370   0.02741
 15.0440   0.02743
 15.0980   0.02758
 15.2180   0.02792
 15.3850   0.02875
 15.3990   0.02880
 15.4020   0.02882
 15.4540   0.02903
 15.5030   0.02930
 15.5180   0.02937
 15.5840   0.02971
 15.6750   0.03026
 15.7030   0.03044
 15.8760   0.03165
 15.8830   0.03170
 16.0640   0.03303
 16.0990   0.03326
 16.1030   0.03329
 16.1210   0.03341
 16.2330   0.03417
 16.2410   0.03422
 16.2570   0.03433
 16.3210   0.03473
 16.3560   0.03495
 16.3890   0.03515
 16.4550   0.03555
 16.5360   0.03603
 16.7250   0.03710
 16.7280   0.03712
 16.7680   0.03735
 16.7750   0.03739
 16.8400   0.03777
 16.8540   0.03786
 16.8620   0.03791
 16.8630   0.03791
 16.8780   0.03801
 16.9500   0.03852
 16.9980   0.03886
 17.0260   0.03908
 17.0840   0.03955
 17.1860   0.04042
 17.2240   0.04077
 17.2660   0.04115
 17.2890   0.04137
 17.3610   0.04203
 17.3620   0.04204
 17.3960   0.04235
 17.3970   0.04236
 17.4160   0.04253
 17.4270   0.04263
 17.4530   0.04286
 17.5310   0.04349
 17.5470   0.04362
 17.5480   0.04363
 17.5600   0.04372
 17.5610   0.04373
 17.6120   0.04408
 17.6500   0.04436
 17.6840   0.04458
 17.6940   0.04465
 17.7390   0.04502
 17.7500   0.04509
 17.7800   0.04526
 17.7880   0.04531
 17.8080   0.04546
 17.8110   0.04548
 17.8210   0.04553
 17.8310   0.04560
 17.8520   0.04569
 17.8650   0.04575
 17.8660   0.04576
 17.8680   0.04579
 17.8770   0.04589
 17.8930   0.04595
 17.9120   0.04600
 17.9260   0.04613
 17.9520   0.04625
 17.9800   0.04630
 17.9910   0.04632
 18.0080   0.04634
 18.0320   0.04643
 18.0780   0.04698
 18.0790   0.04700
 18.0950   0.04723
 18.1210   0.04736
 18.1300   0.04746
 18.1710   0.04809
 18.1730   0.04814
 18.1750   0.04819
 18.2490   0.04905
 18.2990   0.04982
 18.3000   0.04983
 18.3120   0.05002
 18.3710   0.05122
 18.3750   0.05132
 18.4720   0.05377
 18.4820   0.05409
 18.5060   0.05482
 18.5070   0.05485
 18.5210   0.05525
 18.5690   0.05656
 18.5910   0.05719
 18.5950   0.05730
 18.5960   0.05733
 18.6590   0.05893
 18.6640   0.05904
 18.6680   0.05915
 18.6900   0.05962
 18.6980   0.05978
 18.7330   0.06062
 18.7400   0.06081
 18.7910   0.06193
 18.8110   0.06243
 18.8140   0.06249
 18.8170   0.06257
 18.8280   0.06278
 18.8550   0.06343
 18.8820   0.06395
 18.8930   0.06418
 18.8970   0.06426
 18.8980   0.06428
 18.9200   0.06478
 18.9570   0.06557
 18.9860   0.06614
 18.9900   0.06623
 18.9920   0.06626
 18.9950   0.06631
 19.0110   0.06657
 19.0130   0.06660
 19.0320   0.06691
 19.0360   0.06696
 19.0410   0.06707
 19.0610   0.06747
 19.0950   0.06802
 19.1160   0.06838
 19.1290   0.06859
 19.1360   0.06871
 19.1470   0.06891
 19.2370   0.06996
 19.2380   0.06996
 19.2400   0.06996
 19.2630   0.07000
 19.2730   0.07007
 19.2990   0.07022
 19.3260   0.07049
 19.3310   0.07056
 19.3320   0.07057
 19.4020   0.07114
 19.4120   0.07115
 19.4190   0.07121
 19.4330   0.07138
 19.4380   0.07144
 19.4430   0.07150
 19.4780   0.07181
 19.4860   0.07189
 19.4890   0.07192
 19.4970   0.07199
 19.5100   0.07199
 19.5210   0.07201
 19.5290   0.07207
 19.5310   0.07208
 19.5330   0.07209
 19.5340   0.07209
 19.6280   0.07215
 19.6740   0.07210
 19.6900   0.07211
 19.6950   0.07211
 19.7460   0.07199
 19.7690   0.07200
 19.7800   0.07206
 19.8610   0.07224
 19.8660   0.07226
 19.8870   0.07232
 19.9380   0.07242
 19.9420   0.07248
 19.9750   0.07283
 20.0370   0.07333
 20.0440   0.07333
 20.0570   0.07341
 20.0620   0.07343
 20.0630   0.07344
 20.0700   0.07347
 20.0710   0.07347
 20.0960   0.07355
 20.1150   0.07367
 20.1290   0.07374
 20.1550   0.07388
 20.1740   0.07397
 20.1950   0.07406
 20.1990   0.07408
 20.2020   0.07409
 20.2080   0.07412
 20.2400   0.07429
 20.2590   0.07439
 20.2610   0.07440
 20.2680   0.07443
 20.2720   0.07445
 20.2860   0.07452
 20.3240   0.07470
 20.3780   0.07493
 20.4040   0.07501
 20.4470   0.07515
 20.4510   0.07516
 20.4610   0.07520
 20.4630   0.07521
 20.4830   0.07530
 20.5190   0.07551
 20.5200   0.07551
 20.5220   0.07552
 20.5320   0.07559
 20.5530   0.07577
 20.5590   0.07582
 20.5610   0.07584
 20.5640   0.07587
 20.6000   0.07626
 20.6030   0.07630
 20.6080   0.07636
 20.6180   0.07650
 20.6260   0.07661
 20.6400   0.07681
 20.6530   0.07700
 20.6540   0.07701
 20.6550   0.07702
 20.6890   0.07755
 20.6970   0.07768
 20.7020   0.07776
 20.7130   0.07794
 20.7280   0.07821
 20.7740   0.07897
 20.7980   0.07939
 20.8180   0.07975
 20.8220   0.07982
 20.8290   0.07993
 20.8350   0.08002
 20.8390   0.08007
 20.8520   0.08028
 20.8550   0.08034
 20.8820   0.08076
 20.9320   0.08151
 20.9490   0.08184
 21.0160   0.08331
 21.0350   0.08361
 21.0420   0.08374
 21.0610   0.08445
 21.0750   0.08463
 21.0840   0.08493
 21.0920   0.08525
 21.1060   0.08579
 21.1470   0.08702
 21.1520   0.08730
 21.1900   0.08932
 21.1980   0.08973
 21.2040   0.08997
 21.2170   0.09061
 21.2200   0.09075
 21.2310   0.09120
 21.2490   0.09175
 21.2530   0.09185
 21.2700   0.09241
 21.2710   0.09243
 21.2770   0.09259
 21.2940   0.09317
 21.3030   0.09359
 21.3280   0.09462
 21.3300   0.09468
 21.3340   0.09482
 21.3500   0.09548
 21.3570   0.09578
 21.3870   0.09718
 21.3880   0.09723
 21.3970   0.09765
 21.3980   0.09771
 21.4130   0.09853
 21.4200   0.09889
 21.4350   0.09966
 21.4400   0.09991
 21.4640   0.10108
 21.4660   0.10117
 21.4880   0.10212
 21.5110   0.10299
 21.5540   0.10471
 21.5650   0.10501
 21.5930   0.10600
 21.6260   0.10713
 21.6390   0.10742
 21.6760   0.10848
 21.6900   0.10901
 21.7180   0.10959
 21.7560   0.11057
 21.7740   0.11110
 21.7750   0.11114
 21.7940   0.11175
 21.8170   0.11239
 21.8300   0.11257
 21.8670   0.11332
 21.8700   0.11336
 21.8730   0.11340
 21.8840   0.11356
 21.8910   0.11370
 21.9190   0.11410
 21.9250   0.11426
 21.9610   0.11493
 21.9620   0.11496
 21.9810   0.11529
 21.9850   0.11535
 22.0030   0.11581
 22.0300   0.11652
 22.0330   0.11660
 22.0700   0.11696
 22.1420   0.11790
 22.1710   0.11818
 22.1830   0.11820
 22.1850   0.11821
 22.1930   0.11822
 22.2020   0.11824
 22.2230   0.11829
 22.2440   0.11835
 22.2470   0.11836
 22.2520   0.11837
 22.2560   0.11838
 22.2600   0.11840
 22.2730   0.11844
 22.2750   0.11845
 22.3000   0.11859
 22.3120   0.11865
 22.3270   0.11871
 22.3290   0.11872
 22.3390   0.11877
 22.3980   0.11916
 22.4180   0.11936
 22.4220   0.11941
 22.4710   0.12006
 22.4810   0.12022
 22.5420   0.12130
 22.5470   0.12139
 22.5530   0.12151
 22.5600   0.12164
 22.5660   0.12176
 22.5860   0.12216
 22.6710   0.12379
 22.6750   0.12387
 22.6830   0.12404
 22.7230   0.12483
 22.7340   0.12504
 22.7760   0.12577
 22.8010   0.12616
 22.8320   0.12659
 22.9070   0.12745
 22.9570   0.12790
 23.0180   0.12836
 23.0200   0.12838
 23.0350   0.12848
 23.0760   0.12874
 23.0990   0.12888
 23.1170   0.12899
 23.1340   0.12909
 23.2380   0.12970
 23.2920   0.13004
 23.5600   0.13205
 23.5650   0.13210
 23.7170   0.13356
 24.2540   0.13952
