 14.0090   0.04177
 14.0460   0.04206
 14.2090   0.04329
 14.6870   0.04657
 14.8220   0.04741
 14.8710   0.04771
 14.9180   0.04799
 15.0200   0.04859
 15.1150   0.04914
 15.2320   0.04983
 15.2370   0.04986
 15.2550   0.04996
 15.3040   0.05026
 15.3180   0.05034
 15.3500   0.05054
 15.3940   0.05081
 15.4890   0.05141
 15.5380   0.05173
 15.5820   0.05203
 15.5860   0.05205
 15.6950   0.05279
 15.7110   0.05290
 15.7830   0.05338
 15.8870   0.05400
 15.9280   0.05418
 15.9320   0.05420
 15.9890   0.05442
 16.0130   0.05451
 16.0610   0.05453
 16.2210   0.05479
 16.2760   0.05474
 16.3480   0.05451
 16.3700   0.05442
 16.3900   0.05432
 16.4280   0.05413
 16.4350   0.05410
 16.5080   0.05379
 16.5370   0.05370
 16.5560   0.05364
 16.6030   0.05354
 16.6090   0.05353
 16.6250   0.05351
 16.6340   0.05350
 16.6640   0.05350
 16.6690   0.05350
 16.6980   0.05355
 16.7190   0.05362
 16.7320   0.05364
 16.7450   0.05367
 16.7940   0.05384
 16.8330   0.05408
 16.8350   0.05409
 16.8860   0.05451
 16.8890   0.05455
 16.9160   0.05477
 16.9250   0.05484
 16.9370   0.05492
 16.9420   0.05496
 16.9500   0.05508
 16.9580   0.05518
 16.9610   0.05521
 16.9740   0.05549
 17.0180   0.05596
 17.0440   0.05616
 17.0520   0.05623
 17.0620   0.05630
 17.1160   0.05726
 17.1200   0.05730
 17.1530   0.05789
 17.1710   0.05850
 17.1720   0.05853
 17.1770   0.05870
 17.2070   0.05916
 17.2330   0.05979
 17.2490   0.06030
 17.2800   0.06113
 17.3050   0.06148
 17.3120   0.06158
 17.3150   0.06162
 17.4530   0.06418
 17.5400   0.06601
 17.5500   0.06623
 17.5650   0.06659
 17.5680   0.06666
 17.5850   0.06711
 17.6010   0.06754
 17.6420   0.06866
 17.6550   0.06902
 17.6740   0.06957
 17.6820   0.06980
 17.6960   0.07018
 17.7070   0.07050
 17.7170   0.07081
 17.7190   0.07086
 17.7440   0.07163
 17.7810   0.07264
 17.7980   0.07330
 17.8030   0.07343
 17.8050   0.07352
 17.8100   0.07373
 17.8330   0.07450
 17.8450   0.07473
 17.8570   0.07526
 17.9290   0.07736
 17.9550   0.07808
 17.9590   0.07815
 17.9600   0.07817
 18.0080   0.07946
 18.0340   0.08031
 18.0370   0.08042
 18.0450   0.08068
 18.0530   0.08094
 18.0590   0.08105
 18.0940   0.08166
 18.1190   0.08216
 18.1240   0.08225
 18.1360   0.08252
 18.1590   0.08311
 18.1800   0.08355
 18.1860   0.08366
 18.1960   0.08385
 18.2120   0.08419
 18.2480   0.08479
 18.2510   0.08485
 18.2780   0.08530
 18.2920   0.08553
 18.2950   0.08557
 18.3690   0.08671
 18.3750   0.08680
 18.4870   0.08794
 18.5160   0.08822
 18.5340   0.08837
 18.5610   0.08878
 18.5710   0.08887
 18.5740   0.08888
 18.6040   0.08908
 18.6090   0.08914
 18.6170   0.08934
 18.6320   0.08952
 18.6450   0.08997
 18.6490   0.09007
 18.6740   0.09070
 18.6960   0.09096
 18.7010   0.09101
 18.7020   0.09102
 18.7290   0.09178
 18.7360   0.09203
 18.7410   0.09222
 18.7550   0.09243
 18.7840   0.09346
 18.8040   0.09395
 18.8110   0.09416
 18.8130   0.09423
 18.8560   0.09536
 18.8850   0.09629
 18.8980   0.09672
 18.9380   0.09819
 18.9590   0.09883
 18.9620   0.09895
 18.9870   0.09979
 18.9880   0.09982
 18.9900   0.09988
 18.9970   0.10011
 19.0070   0.10044
 19.0570   0.10226
 19.0580   0.10230
 19.0600   0.10236
 19.1460   0.10542
 19.1640   0.10606
 19.2020   0.10741
 19.2220   0.10812
 19.2450   0.10896
 19.2630   0.10961
 19.2850   0.11042
 19.2990   0.11093
 19.3230   0.11179
 19.3570   0.11295
 19.3850   0.11382
 19.4100   0.11455
 19.4120   0.11460
 19.4190   0.11481
 19.4380   0.11532
 19.4570   0.11577
 19.4600   0.11585
 19.4630   0.11592
 19.4670   0.11603
 19.4840   0.11644
 19.4850   0.11647
 19.4920   0.11662
 19.5220   0.11733
 19.5260   0.11746
 19.5300   0.11758
 19.5370   0.11769
 19.5490   0.11786
 19.5520   0.11793
 19.5880   0.11880
 19.6140   0.11934
 19.6190   0.11938
 19.6230   0.11948
 19.6390   0.11977
 19.6410   0.11979
 19.6590   0.11997
 19.6770   0.12031
 19.7360   0.12122
 19.7430   0.12131
 19.7830   0.12192
 19.7970   0.12219
 19.7990   0.12221
 19.8090   0.12233
 19.8210   0.12257
 19.8380   0.12285
 19.8430   0.12295
 19.8800   0.12357
 19.9130   0.12409
 19.9160   0.12414
 19.9510   0.12482
 19.9710   0.12528
 20.0040   0.12605
 20.0050   0.12607
 20.0090   0.12617
 20.0180   0.12639
 20.0490   0.12715
 20.0550   0.12732
 20.0610   0.12748
 20.0730   0.12775
 20.0840   0.12806
 20.0930   0.12826
 20.1030   0.12851
 20.1040   0.12853
 20.1130   0.12866
 20.1150   0.12869
 20.1530   0.12938
 20.2210   0.13006
 20.2350   0.13022
 20.2380   0.13025
 20.2530   0.13044
 20.3020   0.13090
 20.3050   0.13093
 20.3090   0.13095
 20.3280   0.13112
 20.3460   0.13130
 20.3560   0.13131
 20.3660   0.13146
 20.4010   0.13190
 20.4060   0.13203
 20.4140   0.13209
 20.4220   0.13232
 20.4230   0.13235
 20.4240   0.13238
 20.4360   0.13267
 20.4540   0.13308
 20.4640   0.13342
 20.4820   0.13421
 20.5140   0.13514
 20.5290   0.13586
 20.5320   0.13602
 20.5500   0.13677
 20.5560   0.13700
 20.6050   0.14002
 20.6310   0.14191
 20.6340   0.14214
 20.6520   0.14348
 20.6580   0.14401
 20.6680   0.14463
 20.6750   0.14522
 20.7000   0.14724
 20.7030   0.14741
 20.7040   0.14747
 20.7060   0.14759
 20.7100   0.14782
 20.7310   0.14950
 20.7350   0.14974
 20.7360   0.14980
 20.7390   0.14999
 20.7480   0.15070
 20.7520   0.15103
 20.7670   0.15198
 20.7830   0.15357
 20.7920   0.15444
 20.8090   0.15591
 20.8180   0.15680
 20.8420   0.15887
 20.8440   0.15909
 20.9180   0.16699
 20.9220   0.16742
 20.9440   0.16977
 20.9460   0.16999
 20.9860   0.17395
 21.0190   0.17732
 21.0320   0.17873
 21.0440   0.18002
 21.0650   0.18251
 21.0760   0.18387
 21.0780   0.18413
 21.0870   0.18528
 21.0920   0.18593
 21.1270   0.19051
 21.1570   0.19457
 21.1610   0.19513
 21.1740   0.19697
 21.1890   0.19906
 21.2100   0.20165
 21.2240   0.20341
 21.2370   0.20515
 21.2840   0.21093
 21.2910   0.21181
 21.3080   0.21392
 21.3310   0.21659
 21.3510   0.21872
 21.3710   0.22068
 21.4510   0.22739
 21.4580   0.22806
 21.5000   0.23157
 21.5320   0.23465
 21.5470   0.23575
 21.5710   0.23750
 21.5730   0.23765
 21.5840   0.23845
 21.5890   0.23881
 21.6300   0.24182
 21.6620   0.24415
 21.7220   0.24870
 21.7390   0.25004
 21.8120   0.25610
 21.8990   0.26377
 21.9190   0.26558
 21.9250   0.26613
 21.9420   0.26768
 21.9580   0.26915
 21.9850   0.27164
 22.1250   0.28463
 22.1320   0.28528
 22.1860   0.29006
 22.1900   0.29041
 22.2740   0.29741
 22.2820   0.29802
 22.3260   0.30119
 22.3510   0.30286
 22.4080   0.30639
 22.6710   0.32055
 22.7370   0.32402
 22.9430   0.33517
 23.4650   0.36493
 23.9830   0.39442
